#

param c:
    1  2  3  4  5  6  7  8  9 10 11 12 13 14 15 16 17 18 19 20 21 22 23 24 25 26 27 28 29 30 31 32 33 34 35 36 37 38 39 40 41 42 43 44 45 :=
 1 0.000000 5.830952 9.340771 50.596443 50.921508 70.830784 71.805292 65.306967 22.203603 2.692582 17.356555 49.244289 52.773099 53.677276 52.611786 2.828427 9.219544 22.360680 27.586228 25.806976 10.295630 10.062306 63.245553 64.070274 0.010000 34.985711 61.854668 81.498466 129.834510 82.219219 41.761226 50.487622 51.623638 65.253352 45.011110 54.664888 29.274562 21.213203 22.090722 39.115214 39.613760 41.484937 28.071338 30.000000 30.610456 
 2 5.830952 0.000000 4.031129 46.324939 46.572524 66.910388 67.896981 61.522354 27.000000 4.031129 17.269916 46.141088 48.507731 49.358383 48.270074 3.162278 6.403124 19.849433 26.925824 31.622777 16.124515 15.882380 68.600292 69.404611 5.822379 40.224371 67.201190 78.102497 131.821849 79.762146 40.718546 48.507731 49.729267 63.906181 42.426407 51.119957 26.019224 18.110770 19.235384 36.878178 37.366429 40.311289 25.961510 31.144823 31.890437 
 3 9.340771 4.031129 0.000000 46.035313 46.197944 66.867406 67.861992 61.629944 31.004032 8.000000 15.700318 42.452915 44.511235 45.354162 44.263416 7.017834 4.500000 16.650826 24.622145 34.731110 19.500000 19.313208 70.677083 71.451032 9.331136 42.252219 69.269402 78.500000 135.300591 80.902719 42.979646 50.122350 51.393093 65.850209 43.660623 51.502427 26.967573 19.448650 20.718349 38.421999 38.897301 42.500000 27.771388 34.514490 35.302266 
 4 50.596443 46.324939 46.035313 0.000000 1.000000 21.000000 22.000000 16.278821 58.898217 47.908767 61.165758 73.925638 67.416615 67.537027 66.573268 48.083261 50.487622 58.137767 68.066144 73.061618 58.600341 58.148517 112.712022 113.600176 50.593281 85.088190 111.364267 33.734256 120.503112 40.496913 29.120440 23.086793 24.186773 36.249138 17.262677 9.604686 22.472205 29.966648 29.529646 21.023796 20.814658 28.160256 26.907248 41.617304 42.438190 
 5 50.921508 46.572524 46.197944 1.000000 0.000000 21.023796 22.022716 16.492423 59.548300 48.231214 61.247449 73.539105 66.887966 66.994403 66.037868 48.383882 50.635956 58.077534 68.029405 73.573093 59.033889 58.585408 113.176853 114.061387 50.918171 85.492690 111.825757 33.955854 121.457812 41.048752 30.083218 24.083189 25.179357 37.161808 18.248288 10.404326 23.021729 30.413813 30.016662 21.931712 21.731314 29.120440 27.586228 42.438190 43.266615 
 6 70.830784 66.910388 66.867406 21.000000 21.023796 0.000000 1.000000 5.830952 76.157731 68.170742 82.123383 93.605555 85.906926 85.879276 85.000000 68.447060 71.344236 79.101201 89.050547 91.787799 78.108898 77.635366 131.700418 132.619757 70.828526 104.675690 130.387883 13.892444 115.974135 25.553865 40.311289 29.832868 30.000000 33.541020 29.410882 16.770510 41.761226 49.729267 49.040799 35.510562 35.089172 39.623226 44.777226 56.400355 57.008771 
 7 71.805292 67.896981 67.861992 22.000000 22.022716 1.000000 0.000000 6.708204 77.025970 69.146583 83.121898 94.556861 86.815897 86.782775 85.906926 69.426220 72.339477 80.099938 90.049986 92.703829 79.056942 78.582759 132.619757 133.540256 71.803065 105.621967 131.308796 13.038405 115.849040 25.059928 41.036569 30.479501 30.610456 33.734256 30.232433 17.670597 42.720019 50.695167 50.000000 36.359318 35.933967 40.360872 45.694639 57.201399 57.801384 
 8 65.306967 61.522354 61.629944 16.278821 16.492423 5.830952 6.708204 0.000000 70.327804 62.659796 77.014609 89.888820 82.764727 82.802476 81.884064 62.968246 66.121101 74.330344 84.214013 86.005814 72.422372 71.946160 125.924581 126.846364 65.304978 98.979796 124.615408 17.464249 113.771701 26.172505 34.655447 24.413111 24.698178 30.016662 23.600847 10.965856 36.138622 44.147480 43.416587 29.681644 29.261750 33.941125 39.000000 50.606324 51.224994 
 9 22.203603 27.000000 31.004032 58.898217 59.548300 76.157731 77.025970 70.327804 0.000000 23.005434 37.124790 70.837843 74.966659 75.876544 74.813100 24.020824 31.400637 43.965896 47.010637 18.027756 15.264338 15.008331 56.753854 57.723479 22.213512 33.241540 55.542776 83.934498 111.758669 80.603970 38.327536 49.335586 50.000000 60.207973 46.957428 59.424322 36.769553 30.805844 30.610456 40.706265 41.149119 38.600518 32.015621 21.377558 21.213203 
10 2.692582 4.031129 8.000000 47.908767 48.231214 68.170742 69.146583 62.659796 23.005434 0.000000 18.721645 49.419126 52.280493 53.150729 52.069665 1.118034 9.178780 22.743131 28.814059 28.111386 12.500000 12.206556 65.872984 66.702699 2.688885 37.646381 64.484494 78.906590 129.004845 79.807581 39.689419 48.168973 49.327984 63.120916 42.547033 52.043251 26.669271 18.607794 19.525624 36.718524 37.215588 39.373214 25.675864 28.692333 29.364094 
11 17.356555 17.269916 15.700318 61.165758 61.247449 82.123383 83.121898 77.014609 37.124790 18.721645 0.000000 34.223530 40.697051 41.743263 40.807475 17.755281 11.280514 9.013878 10.259142 32.561480 22.005681 22.192341 61.459336 62.098712 17.349931 34.047761 60.052061 94.033239 147.034860 96.598395 57.976288 65.660110 66.904783 81.168036 59.331695 67.067131 42.664388 35.046398 36.266376 53.983794 54.465585 57.578208 43.165380 47.320714 47.950495 
12 49.244289 46.141088 42.452915 73.925638 73.539105 93.605555 94.556861 89.888820 70.837843 49.419126 34.223530 0.000000 13.038405 14.008926 13.892444 48.301139 40.249224 26.925824 26.000000 66.189123 56.044625 56.180513 87.091905 87.464278 49.235151 63.788714 85.796270 107.224064 177.628826 114.039467 82.758685 87.200917 88.600226 103.600193 79.630396 82.512120 63.890531 58.694122 60.108236 76.059187 76.447695 82.073138 67.178866 76.843998 77.665951 
13 52.773099 48.507731 44.511235 67.416615 66.887966 85.906926 86.815897 82.764727 74.966659 52.280493 40.697051 13.038405 0.000000 1.118034 1.000000 51.195703 43.566042 32.015621 34.785054 73.246160 61.131007 61.165758 97.943861 98.386991 52.763246 73.082146 96.607453 99.744674 177.341479 107.912001 80.603970 83.438600 84.852814 99.724621 75.663730 76.558801 61.220911 57.454330 58.830264 73.000000 73.329735 79.812280 65.459911 77.388630 78.294317 
14 53.677276 49.358383 45.354162 67.537027 66.994403 85.879276 86.782775 82.802476 75.876544 53.150729 41.743263 14.008926 1.118034 0.000000 1.118034 52.069665 44.477522 33.034073 35.892200 74.284924 62.098712 62.128898 99.061849 99.505025 53.667403 74.183893 97.725381 99.730888 177.933274 108.033560 81.100247 83.798866 85.212968 100.061231 76.014801 76.723530 61.702917 58.053854 59.424322 73.431941 73.756356 80.300996 66.009469 78.084890 78.995253 
15 52.611786 48.270074 44.263416 66.573268 66.037868 85.000000 85.906926 81.884064 74.813100 52.069665 40.807475 13.892444 1.000000 1.118034 0.000000 50.990195 43.416587 32.062439 35.114100 73.334848 61.073726 61.100327 98.386991 98.838252 52.601902 73.375745 97.046381 98.843310 176.819117 107.070071 80.000000 82.734515 84.148678 99.005050 74.953319 75.738035 60.605280 56.938563 58.309519 72.346389 72.672209 79.202273 64.899923 76.967526 77.878110 
16 2.828427 3.162278 7.017834 48.083261 48.383882 68.447060 69.426220 62.968246 24.020824 1.118034 17.755281 48.301139 51.195703 52.069665 50.990195 0.000000 8.062258 21.633308 27.802878 28.600699 13.038405 12.776932 66.030296 66.850580 2.821365 37.735925 64.637450 79.309520 130.096118 80.399005 40.496913 48.836462 50.009999 63.890531 43.104524 52.404675 27.073973 19.026298 20.000000 37.336309 37.831865 40.162171 26.305893 29.732137 30.413813 
17 9.219544 6.403124 4.500000 50.487622 50.635956 71.344236 72.339477 66.121101 31.400637 9.178780 11.280514 40.249224 43.566042 44.477522 43.416587 8.062258 0.000000 13.601471 20.591260 32.695565 18.248288 18.172782 67.268120 68.014704 9.209783 38.897301 65.855903 83.000000 138.057959 85.328776 46.957428 54.405882 55.659680 70.007142 48.052055 56.002232 31.400637 23.769729 25.000000 42.720019 43.200116 46.518813 31.953091 37.483330 38.209946 
18 22.360680 19.849433 16.650826 58.137767 58.077534 79.101201 80.099938 74.330344 43.965896 22.743131 9.013878 26.925824 32.015621 33.034073 32.062439 21.633308 13.601471 0.000000 10.049876 41.303753 29.427878 29.516944 70.000000 70.604532 22.351736 42.941821 68.600292 91.662424 151.647618 95.603347 59.363288 65.795137 67.119297 81.841310 58.872744 65.024995 42.154478 35.355339 36.715120 54.129474 54.582506 58.830264 43.908997 50.990195 51.739733 
19 27.586228 26.925824 24.622145 68.066144 68.029405 89.050547 90.049986 84.214013 47.010637 28.814059 10.259142 26.000000 34.785054 35.892200 35.114100 27.802878 20.591260 10.049876 0.000000 40.311289 31.764760 32.003906 63.631753 64.140471 27.579342 38.327536 62.265560 101.493842 157.289542 105.019046 67.535176 74.672619 75.960516 90.470990 68.007353 74.741220 51.244512 44.011362 45.310043 62.968246 63.436977 67.082039 52.392748 57.489129 58.137767 
20 25.806976 31.622777 34.731110 73.061618 73.573093 91.787799 92.703829 86.005814 18.027756 28.111386 32.561480 66.189123 73.246160 74.284924 73.334848 28.600699 32.695565 41.303753 40.311289 0.000000 15.620499 15.945219 39.924930 40.853396 25.815114 15.297059 38.626416 100.578328 126.035709 98.152942 55.731499 66.490601 67.268120 78.102497 63.245553 75.041655 50.606324 43.266615 43.566042 56.920998 57.395557 55.901699 47.010637 39.115214 39.051248 
21 10.295630 16.124515 19.500000 58.600341 59.033889 78.108898 79.056942 72.422372 15.264338 12.500000 22.005681 56.044625 61.131007 62.098712 61.073726 13.038405 18.248288 29.427878 31.764760 15.620499 0.000000 0.500000 54.203321 55.072679 10.304373 26.570661 52.839379 87.863531 126.574089 87.051709 45.099889 55.036352 56.008928 68.468971 50.635956 61.540637 36.400549 28.635642 29.154759 44.407207 44.902673 45.044423 33.734256 30.364453 30.675723 
22 10.062306 15.882380 19.313208 58.148517 58.585408 77.635366 78.582759 71.946160 15.008331 12.206556 22.192341 56.180513 61.165758 62.128898 61.100327 12.776932 18.172782 29.516944 32.003906 15.945219 0.500000 0.000000 54.637441 55.509008 10.071251 27.041635 53.275229 87.374195 126.223017 86.552007 44.601009 54.536685 55.509008 67.972421 50.142298 61.061444 35.933967 28.182441 28.692333 43.911844 44.407207 44.544921 33.245300 29.887288 30.203477 
23 63.245553 68.600292 70.677083 112.712022 113.176853 131.700418 132.619757 125.924581 56.753854 65.872984 61.459336 87.091905 97.943861 99.061849 98.386991 66.030296 67.268120 70.000000 63.631753 39.924930 54.203321 54.637441 0.000000 1.000000 63.251246 28.425341 1.414214 140.406553 149.883288 137.317151 95.078915 106.042444 106.737997 116.558998 103.121288 114.961950 90.338253 82.764727 83.186537 96.798760 97.268957 95.336247 86.925255 78.102497 77.878110 
24 64.070274 69.404611 71.451032 113.600176 114.061387 132.619757 133.540256 126.846364 57.723479 66.702699 62.098712 87.464278 98.386991 99.505025 98.838252 66.850580 68.014704 70.604532 64.140471 40.853396 55.072679 55.509008 1.000000 0.000000 64.075893 29.206164 2.236068 141.354165 150.791246 138.293167 96.046864 107.004673 107.703296 117.545736 104.062481 115.884641 91.235958 83.648072 84.077345 97.739450 98.210234 96.301610 87.846457 79.075913 78.854296 
25 0.010000 5.822379 9.331136 50.593281 50.918171 70.828526 71.803065 65.304978 22.213512 2.688885 17.349931 49.235151 52.763246 53.667403 52.601902 2.821365 9.209783 22.351736 27.579342 25.815114 10.304373 10.071251 63.251246 64.075893 0.000000 34.990857 61.860327 81.497363 129.842135 82.219950 41.764101 50.489010 51.625189 65.255958 45.011333 54.663334 29.273198 21.211792 22.089819 39.115983 39.614519 41.487590 28.072052 30.006001 30.616664 
26 34.985711 40.224371 42.252219 85.088190 85.492690 104.675690 105.621967 98.979796 33.241540 37.646381 34.047761 63.788714 73.082146 74.183893 73.375745 37.735925 38.897301 42.941821 38.327536 15.297059 26.570661 27.041635 28.425341 29.206164 34.990857 0.000000 27.018512 114.236597 139.846344 112.641023 70.256672 80.752709 81.614950 93.005376 76.902536 88.080929 62.968246 55.154329 55.713553 70.611614 71.100281 70.349129 60.166436 54.000000 54.009258 
27 61.854668 67.201190 69.269402 111.364267 111.825757 130.387883 131.308796 124.615408 55.542776 64.484494 60.052061 85.796270 96.607453 97.725381 97.046381 64.637450 65.855903 68.600292 62.265560 38.626416 52.839379 53.275229 1.414214 2.236068 61.860327 27.018512 0.000000 139.140217 149.402142 136.124943 93.861600 104.809351 105.513032 115.412304 101.843016 113.654080 89.000000 81.412530 81.841310 95.519631 95.990885 94.111636 85.615419 76.902536 76.687678 
28 81.498466 78.102497 78.500000 33.734256 33.955854 13.892444 13.038405 17.464249 83.934498 78.906590 94.033239 107.224064 99.744674 99.730888 98.843310 79.309520 83.000000 91.662424 101.493842 100.578328 87.863531 87.374195 140.406553 141.354165 81.497363 114.236597 139.140217 0.000000 108.041659 15.033296 46.065171 34.885527 34.481879 31.622777 37.363083 27.004629 52.239832 60.299254 59.413803 43.680659 43.200116 45.617979 54.129474 63.071388 63.505905 
29 129.834510 131.821849 135.300591 120.503112 121.457812 115.974135 115.849040 113.771701 111.758669 129.004845 147.034860 177.628826 177.341479 177.933274 176.819117 130.096118 138.057959 151.647618 157.289542 126.035709 126.574089 126.223017 149.883288 150.791246 129.842135 139.846344 149.402142 108.041659 0.000000 93.021503 97.493590 98.081599 96.798760 84.646323 105.475116 111.607571 116.764721 119.887447 118.511603 106.023582 105.812334 98.386991 112.004464 100.801786 100.000000 
30 82.219219 79.762146 80.902719 40.496913 41.048752 25.553865 25.059928 26.172505 80.603970 79.807581 96.598395 114.039467 107.912001 108.033560 107.070071 80.399005 85.328776 95.603347 105.019046 98.152942 87.051709 86.552007 137.317151 138.293167 82.219950 112.641023 136.124943 15.033296 93.021503 0.000000 42.426407 32.015621 31.064449 21.954498 37.336309 31.531730 53.935146 61.660360 60.530984 43.104524 42.605751 42.296572 54.147945 59.228372 59.439044 
31 41.761226 40.718546 42.979646 29.120440 30.083218 40.311289 41.036569 34.655447 38.327536 39.689419 57.976288 82.758685 80.603970 81.100247 80.000000 40.496913 46.957428 59.363288 67.535176 55.731499 45.099889 44.601009 95.078915 96.046864 41.764101 70.256672 93.861600 46.065171 97.493590 42.426407 0.000000 11.180340 11.704700 23.537205 12.083046 24.824383 19.416488 24.207437 22.803509 9.055385 9.013878 1.000000 15.620499 17.088007 17.464249 
32 50.487622 48.507731 50.122350 23.086793 24.083189 29.832868 30.479501 24.413111 49.335586 48.168973 65.660110 87.200917 83.438600 83.798866 82.734515 48.836462 54.405882 65.795137 74.672619 66.490601 55.036352 54.536685 106.042444 107.004673 50.489010 80.752709 104.809351 34.885527 98.081599 32.015621 11.180340 0.000000 1.414214 16.401219 7.810250 16.007811 23.706539 30.675723 29.410882 11.704700 11.236103 10.770330 22.561028 28.231188 28.635642 
33 51.623638 49.729267 51.393093 24.186773 25.179357 30.000000 30.610456 24.698178 50.000000 49.327984 66.904783 88.600226 84.852814 85.212968 84.148678 50.009999 55.659680 67.119297 75.960516 67.268120 56.008928 55.509008 106.737997 107.703296 51.625189 81.614950 105.513032 34.481879 96.798760 31.064449 11.704700 1.414214 0.000000 15.000000 9.219544 16.770510 25.059928 31.953091 30.675723 13.000000 12.539936 11.401754 23.769729 28.792360 29.154759 
34 65.253352 63.906181 65.850209 36.249138 37.161808 33.541020 33.734256 30.016662 60.207973 63.120916 81.168036 103.600193 99.724621 100.061231 99.005050 63.890531 70.007142 81.841310 90.470990 78.102497 68.468971 67.972421 116.558998 117.545736 65.255958 93.005376 115.412304 31.622777 84.646323 21.954498 23.537205 16.401219 15.000000 0.000000 24.083189 27.041635 39.962482 46.518813 45.188494 27.784888 27.354159 23.769729 38.078866 39.012818 39.051248 
35 45.011110 42.426407 43.660623 17.262677 18.248288 29.410882 30.232433 23.600847 46.957428 42.547033 59.331695 79.630396 75.663730 76.014801 74.953319 43.104524 48.052055 58.872744 68.007353 63.245553 50.635956 50.142298 103.121288 104.062481 45.011333 76.902536 101.843016 37.363083 105.475116 37.336309 12.083046 7.810250 9.219544 24.083189 0.000000 13.086252 16.763055 24.331050 23.194827 6.324555 5.852350 11.180340 17.029386 27.018512 27.658633 
36 54.664888 51.119957 51.502427 9.604686 10.404326 16.770510 17.670597 10.965856 59.424322 52.043251 67.067131 82.512120 76.558801 76.723530 75.738035 52.404675 56.002232 65.024995 74.741220 75.041655 61.540637 61.061444 114.961950 115.884641 54.663334 88.080929 113.654080 27.004629 111.607571 31.531730 24.824383 16.007811 16.770510 27.041635 13.086252 0.000000 25.401772 33.455194 32.653484 18.901058 18.506756 24.005208 28.040150 40.028115 40.697051 
37 29.274562 26.019224 26.967573 22.472205 23.021729 41.761226 42.720019 36.138622 36.769553 26.669271 42.664388 63.890531 61.220911 61.702917 60.605280 27.073973 31.400637 42.154478 51.244512 50.606324 36.400549 35.933967 90.338253 91.235958 29.273198 62.968246 89.000000 52.239832 116.764721 53.935146 19.416488 23.706539 25.059928 39.962482 16.763055 25.401772 0.000000 8.062258 7.280110 12.206556 12.619429 18.601075 6.082763 22.561028 23.537205 
38 21.213203 18.110770 19.448650 29.966648 30.413813 49.729267 50.695167 44.147480 30.805844 18.607794 35.046398 58.694122 57.454330 58.053854 56.938563 19.026298 23.769729 35.355339 44.011362 43.266615 28.635642 28.182441 82.764727 83.648072 21.211792 55.154329 81.412530 60.299254 119.887447 61.660360 24.207437 30.675723 31.953091 46.518813 24.331050 33.455194 8.062258 0.000000 1.414214 18.973666 19.448650 23.600847 8.602325 21.213203 22.203603 
39 22.090722 19.235384 20.718349 29.529646 30.016662 49.040799 50.000000 43.416587 30.610456 19.525624 36.266376 60.108236 58.830264 59.424322 58.309519 20.000000 25.000000 36.715120 45.310043 43.566042 29.154759 28.692333 83.186537 84.077345 22.089819 55.713553 81.841310 59.413803 118.511603 60.530984 22.803509 29.410882 30.675723 45.188494 23.194827 32.653484 7.280110 1.414214 0.000000 17.720045 18.200275 22.203603 7.211103 20.099751 21.095023 
40 39.115214 36.878178 38.421999 21.023796 21.931712 35.510562 36.359318 29.681644 40.706265 36.718524 53.983794 76.059187 73.000000 73.431941 72.346389 37.336309 42.720019 54.129474 62.968246 56.920998 44.407207 43.911844 96.798760 97.739450 39.115983 70.611614 95.519631 43.680659 106.023582 43.104524 9.055385 11.704700 13.000000 27.784888 6.324555 18.901058 12.206556 18.973666 17.720045 0.000000 0.500000 8.062258 11.045361 21.213203 21.931712 
41 39.613760 37.366429 38.897301 20.814658 21.731314 35.089172 35.933967 29.261750 41.149119 37.215588 54.465585 76.447695 73.329735 73.756356 72.672209 37.831865 43.200116 54.582506 63.436977 57.395557 44.902673 44.407207 97.268957 98.210234 39.614519 71.100281 95.990885 43.200116 105.812334 42.605751 9.013878 11.236103 12.539936 27.354159 5.852350 18.506756 12.619429 19.448650 18.200275 0.500000 0.000000 8.015610 11.543396 21.569655 22.276669 
42 41.484937 40.311289 42.500000 28.160256 29.120440 39.623226 40.360872 33.941125 38.600518 39.373214 57.578208 82.073138 79.812280 80.300996 79.202273 40.162171 46.518813 58.830264 67.082039 55.901699 45.044423 44.544921 95.336247 96.301610 41.487590 70.349129 94.111636 45.617979 98.386991 42.296572 1.000000 10.770330 11.401754 23.769729 11.180340 24.005208 18.601075 23.600847 22.203603 8.062258 8.015610 0.000000 15.000000 17.464249 17.888544 
43 28.071338 25.961510 27.771388 26.907248 27.586228 44.777226 45.694639 39.000000 32.015621 25.675864 43.165380 67.178866 65.459911 66.009469 64.899923 26.305893 31.953091 43.908997 52.392748 47.010637 33.734256 33.245300 86.925255 87.846457 28.072052 60.166436 85.615419 54.129474 112.004464 54.147945 15.620499 22.561028 23.769729 38.078866 17.029386 28.040150 6.082763 8.602325 7.211103 11.045361 11.543396 15.000000 0.000000 16.492423 17.464249 
44 30.000000 31.144823 34.514490 41.617304 42.438190 56.400355 57.201399 50.606324 21.377558 28.692333 47.320714 76.843998 77.388630 78.084890 76.967526 29.732137 37.483330 50.990195 57.489129 39.115214 30.364453 29.887288 78.102497 79.075913 30.006001 54.000000 76.902536 63.071388 100.801786 59.228372 17.088007 28.231188 28.792360 39.012818 27.018512 40.028115 22.561028 21.213203 20.099751 21.213203 21.569655 17.464249 16.492423 0.000000 1.000000 
45 30.610456 31.890437 35.302266 42.438190 43.266615 57.008771 57.801384 51.224994 21.213203 29.364094 47.950495 77.665951 78.294317 78.995253 77.878110 30.413813 38.209946 51.739733 58.137767 39.051248 30.675723 30.203477 77.878110 78.854296 30.616664 54.009258 76.687678 63.505905 100.000000 59.439044 17.464249 28.635642 29.154759 39.051248 27.658633 40.697051 23.537205 22.203603 21.095023 21.931712 22.276669 17.888544 17.464249 1.000000 0.000000 
;

param qq := 2010;

param d :=
1 0
2 33
3 15
4 10
5 40
6 15
7 5
8 77
9 435
10 165
11 120
12 65
13 23
14 18
15 550
16 78
17 627
18 9
19 96
20 116
21 116
22 83
23 41
24 645
25 694
26 573
27 1
28 181
29 106
30 52
31 117
32 52
33 1300
34 57
35 28
36 84
37 1
38 54
39 19
40 88
41 41
42 238
43 66
44 44
45 42
;