#

param c:
    1  2  3  4  5  6  7  8  9 10 11 12 13 14 15 16 17 18 19 20 21 22 23 24 25 26 27 28 29 30 31 32 33 34 35 36 37 38 39 40 41 42 43 44 45 46 47 48 49 50 51 52 53 54 55 56 57 58 59 60 61 62 63 64 65 66 67 68 69 70 71 72 :=
 1 0.000000 13.416408 15.811388 18.027756 21.095023 17.029386 15.000000 22.090722 21.023796 25.961510 18.384776 12.083046 16.643317 16.124515 11.180340 14.866069 17.492856 17.000000 10.816654 14.560220 6.708204 10.295630 11.180340 8.246211 9.055385 10.049876 9.219544 15.231546 13.000000 7.615773 8.944272 6.082763 6.324555 8.246211 7.280110 7.615773 7.280110 23.323808 23.853721 15.620499 25.000000 10.000000 21.095023 22.090722 21.023796 24.020824 22.022716 20.099751 21.095023 18.439089 19.416488 18.681542 26.476405 23.021729 7.810250 8.485281 10.816654 11.401754 13.000000 13.416408 11.401754 11.704700 14.560220 14.866069 15.524175 15.811388 17.464249 17.888544 18.027756 22.360680 19.646883 14.212670 
 2 13.416408 0.000000 3.162278 16.278821 20.518285 15.556349 6.708204 21.260292 19.849433 26.870058 12.083046 1.414214 3.605551 2.828427 4.123106 2.236068 4.242641 3.605551 3.000000 2.828427 19.209373 22.671568 23.345235 19.798990 19.849433 20.615528 20.518285 26.907248 24.758837 19.849433 21.260292 9.219544 10.000000 5.656854 9.433981 5.830952 6.403124 19.697716 20.615528 16.000000 22.472205 15.231546 30.413813 31.304952 29.966648 31.953091 30.870698 27.856777 28.792360 25.298221 26.248809 25.000000 32.756679 31.780497 12.529964 13.416408 12.369317 13.341664 11.000000 12.000000 9.055385 10.049876 10.198039 11.180340 10.440307 11.401754 13.601471 14.560220 16.278821 17.888544 25.961510 5.830952 
 3 15.811388 3.162278 0.000000 19.104973 23.345235 18.439089 9.219544 24.041631 22.627417 29.732137 14.422205 4.000000 4.123106 3.162278 5.000000 1.000000 4.000000 3.000000 6.082763 1.414214 21.095023 24.413111 25.000000 21.400935 21.260292 21.931712 22.022716 28.319605 26.248809 21.633308 23.021729 10.816654 11.401754 7.615773 10.630146 8.246211 8.544004 17.720045 18.681542 15.297059 20.615528 15.811388 31.064449 31.906112 30.528675 32.202484 31.384710 28.178006 29.068884 25.495098 26.400758 25.079872 32.572995 32.249031 13.453624 14.212670 12.529964 13.416408 10.440307 11.401754 8.944272 9.848858 9.055385 10.049876 9.000000 10.000000 12.041595 13.038405 15.000000 15.811388 26.000000 8.485281 
 4 18.027756 16.278821 19.104973 0.000000 4.242641 1.000000 10.000000 5.000000 3.605551 10.630146 6.082763 16.401219 15.811388 16.401219 18.867962 18.384776 16.643317 17.204651 14.422205 19.104973 24.331050 27.658633 28.635642 26.172505 27.073973 28.071338 27.166155 32.756679 30.594117 25.317978 26.476405 19.646883 20.615528 17.464249 20.880613 16.155494 17.088007 35.510562 36.359318 30.083218 38.078866 26.476405 39.115214 40.112342 39.051248 42.000000 40.049969 38.013156 39.012818 36.124784 37.121422 36.221541 44.181444 41.048752 23.537205 24.515301 25.298221 26.248809 25.495098 26.400758 23.259407 24.166092 25.553865 26.419690 26.076810 26.925824 29.154759 30.016662 31.304952 33.837849 37.215588 10.630146 
 5 21.095023 20.518285 23.345235 4.242641 0.000000 5.000000 14.212670 1.000000 1.000000 6.403124 9.848858 20.615528 20.000000 20.615528 23.021729 22.627417 20.808652 21.400935 18.601075 23.345235 27.018512 30.149627 31.144823 29.000000 30.016662 31.016125 30.000000 35.227830 33.136083 28.017851 29.068884 23.409400 24.351591 21.470911 24.698178 20.124612 21.023796 39.661064 40.496913 34.014703 42.190046 30.083218 42.000000 43.000000 42.011903 45.099889 43.011626 41.194660 42.190046 39.458839 40.447497 39.623226 47.518417 44.011362 27.202941 28.160256 29.154759 30.083218 29.529646 30.413813 27.294688 28.178006 29.681644 30.528675 30.232433 31.064449 33.286634 34.132096 35.355339 38.013156 40.607881 14.866069 
 6 17.029386 15.556349 18.439089 1.000000 5.000000 0.000000 9.433981 5.830952 4.472136 11.313708 6.000000 15.620499 15.264338 15.811388 18.027756 17.691806 16.124515 16.643317 13.601471 18.384776 23.345235 26.683328 27.658633 25.179357 26.076810 27.073973 26.172505 31.780497 29.614186 24.331050 25.495098 18.681542 19.646883 16.552945 19.924859 15.231546 16.155494 34.669872 35.510562 29.154759 37.215588 25.495098 38.118237 39.115214 38.052595 41.000000 39.051248 37.013511 38.013156 35.128336 36.124784 35.227830 43.185646 40.049969 22.561028 23.537205 24.351591 25.298221 24.596748 25.495098 22.360680 23.259407 24.698178 25.553865 25.238859 26.076810 28.301943 29.154759 30.413813 33.015148 36.221541 10.000000 
 7 15.000000 6.708204 9.219544 10.000000 14.212670 9.433981 0.000000 14.866069 13.453624 20.615528 5.385165 7.280110 5.830952 6.403124 10.198039 8.602325 6.708204 7.211103 6.000000 9.433981 21.633308 25.238859 26.076810 22.825424 23.259407 24.166092 23.706539 30.016662 27.784888 22.472205 23.853721 13.341664 14.317821 10.049876 14.142136 9.219544 10.198039 26.400758 27.313001 22.203603 29.154759 20.223748 34.785054 35.735137 34.481879 36.878178 35.440090 32.756679 33.734256 30.413813 31.400637 30.265492 38.209946 36.400549 17.262677 18.248288 18.000000 19.000000 17.262677 18.248288 15.132746 16.124515 16.763055 17.720045 17.088007 18.027756 20.248457 21.189620 22.803509 24.596748 31.256999 1.000000 
 8 22.090722 21.260292 24.041631 5.000000 1.000000 5.830952 14.866069 0.000000 1.414214 5.830952 10.295630 21.400935 20.615528 21.260292 23.853721 23.345235 21.400935 22.022716 19.416488 24.083189 28.017851 31.144823 32.140317 30.000000 31.016125 32.015621 31.000000 36.221541 34.132096 29.017236 30.066593 24.351591 25.298221 22.360680 25.632011 21.023796 21.931712 40.496913 41.340053 34.928498 43.046487 31.048349 43.000000 44.000000 43.011626 46.097722 44.011362 42.190046 43.185646 40.447497 41.436699 40.607881 48.507731 45.011110 28.160256 29.120440 30.083218 31.016125 30.413813 31.304952 28.178006 29.068884 30.528675 31.384710 31.064449 31.906112 34.132096 34.985711 36.235342 38.832976 41.593269 15.556349 
 9 21.023796 19.849433 22.627417 3.605551 1.000000 4.472136 13.453624 1.414214 0.000000 7.211103 8.944272 20.000000 19.209373 19.849433 22.472205 21.931712 20.000000 20.615528 18.027756 22.671568 27.073973 30.265492 31.256999 29.017236 30.000000 31.000000 30.016662 35.355339 33.241540 28.071338 29.154759 23.086793 24.041631 21.023796 24.351591 19.697716 20.615528 39.115214 39.962482 33.615473 41.677332 29.832868 42.011903 43.011626 42.000000 45.044423 43.000000 41.109610 42.107007 39.319207 40.311289 39.458839 47.381431 44.000000 26.925824 27.892651 28.792360 29.732137 29.068884 29.966648 26.832816 27.730849 29.154759 30.016662 29.681644 30.528675 32.756679 33.615473 34.885527 37.443290 40.447497 14.142136 
10 25.961510 26.870058 29.732137 10.630146 6.403124 11.313708 20.615528 5.830952 7.211103 0.000000 16.124515 26.907248 26.400758 27.018512 29.206164 29.000000 27.202941 27.802878 24.839485 29.698485 31.256999 34.058773 35.057096 33.376639 34.525353 35.510562 34.365681 39.012818 37.054015 32.249031 33.136083 29.068884 29.966648 27.459060 30.413813 26.076810 26.925824 45.803930 46.615448 39.824616 48.259714 35.468296 46.270941 47.265209 46.389654 49.648766 47.381431 45.891176 46.872167 44.384682 45.354162 44.643029 52.392748 48.373546 32.695565 33.615473 34.885527 35.777088 35.510562 36.359318 33.286634 34.132096 35.805028 36.619667 36.400549 37.202150 39.408121 40.224371 41.340053 44.204072 45.607017 21.260292 
11 18.384776 12.083046 14.422205 6.082763 9.848858 6.000000 5.385165 10.295630 8.944272 16.124515 0.000000 12.649111 10.630146 11.401754 15.524175 13.892444 11.313708 12.041595 11.180340 14.764823 25.079872 28.635642 29.546573 26.570661 27.202941 28.160256 27.513633 33.615473 31.384710 26.000000 27.313001 18.027756 19.026298 15.033296 19.000000 14.000000 15.000000 31.780497 32.695565 27.459060 34.539832 25.019992 39.051248 40.024992 38.832976 41.436699 39.812058 37.336309 38.327536 35.128336 36.124784 35.057096 43.046487 40.792156 22.022716 23.021729 23.086793 24.083189 22.561028 23.537205 20.396078 21.377558 22.135944 23.086793 22.472205 23.409400 25.632011 26.570661 28.160256 29.966648 36.055513 6.324555 
12 12.083046 1.414214 4.000000 16.401219 20.615528 15.620499 7.280110 21.400935 20.000000 26.907248 12.649111 0.000000 5.000000 4.242641 3.000000 3.000000 5.656854 5.000000 2.236068 3.162278 17.804494 21.260292 21.931712 18.384776 18.439089 19.209373 19.104973 25.495098 23.345235 18.439089 19.849433 7.810250 8.602325 4.242641 8.062258 4.472136 5.000000 19.235384 20.124612 15.033296 21.931712 13.928388 29.068884 29.966648 28.635642 30.675723 29.546573 26.570661 27.513633 24.041631 25.000000 23.769729 31.575307 30.463092 11.180340 12.083046 11.180340 12.165525 10.049876 11.045361 8.000000 9.000000 9.486833 10.440307 9.848858 10.770330 13.000000 13.928388 15.524175 17.492856 24.738634 6.324555 
13 16.643317 3.605551 4.123106 15.811388 20.000000 15.264338 5.830952 20.615528 19.209373 26.400758 10.630146 5.000000 0.000000 1.000000 7.615773 4.000000 1.000000 1.414214 5.830952 5.000000 22.671568 26.172505 26.870058 23.345235 23.430749 24.207437 24.083189 30.479501 28.319605 23.345235 24.758837 12.806248 13.601471 9.219544 13.038405 9.219544 9.899495 21.840330 22.803509 19.104973 24.738634 18.788294 34.000000 34.885527 33.541020 35.468296 34.438351 31.384710 32.310989 28.792360 29.732137 28.460499 36.138622 35.341194 16.124515 17.000000 15.811388 16.763055 14.142136 15.132746 12.369317 13.341664 13.000000 14.000000 13.038405 14.035669 16.124515 17.117243 19.026298 19.924859 29.410882 5.385165 
14 16.124515 2.828427 3.162278 16.401219 20.615528 15.811388 6.403124 21.260292 19.849433 27.018512 11.401754 4.242641 1.000000 0.000000 6.708204 3.000000 1.414214 1.000000 5.385165 4.000000 22.022716 25.495098 26.172505 22.627417 22.671568 23.430749 23.345235 29.732137 27.586228 22.671568 24.083189 12.041595 12.806248 8.485281 12.206556 8.602325 9.219544 20.880613 21.840330 18.110770 23.769729 17.888544 33.120990 34.000000 32.649655 34.539832 33.541020 30.463092 31.384710 27.856777 28.792360 27.513633 35.171011 34.438351 15.264338 16.124515 14.866069 15.811388 13.152946 14.142136 11.401754 12.369317 12.000000 13.000000 12.041595 13.038405 15.132746 16.124515 18.027756 18.973666 28.460499 5.830952 
15 11.180340 4.123106 5.000000 18.867962 23.021729 18.027756 10.198039 23.853721 22.472205 29.206164 15.524175 3.000000 7.615773 6.708204 0.000000 4.242641 8.062258 7.211103 4.472136 3.605551 16.124515 19.416488 20.000000 16.401219 16.278821 16.970563 17.029386 23.345235 21.260292 16.643317 18.027756 5.830952 6.403124 3.000000 5.656854 4.123106 4.000000 16.643317 17.492856 12.041595 19.235384 11.180340 26.419690 27.294688 25.942244 27.856777 26.832816 23.769729 24.698178 21.189620 22.135944 20.880613 28.635642 27.730849 8.602325 9.433981 8.246211 9.219544 7.071068 8.062258 5.000000 6.000000 6.708204 7.615773 7.211103 8.062258 10.295630 11.180340 12.649111 15.000000 21.840330 9.219544 
16 14.866069 2.236068 1.000000 18.384776 22.627417 17.691806 8.602325 23.345235 21.931712 29.000000 13.892444 3.000000 4.000000 3.000000 4.242641 0.000000 4.123106 3.162278 5.099020 1.000000 20.248457 23.600847 24.207437 20.615528 20.518285 21.213203 21.260292 27.586228 25.495098 20.808652 22.203603 10.000000 10.630146 6.708204 9.899495 7.280110 7.615773 18.027756 18.973666 15.132746 20.880613 15.264338 30.528675 31.384710 30.016662 31.780497 30.886890 27.730849 28.635642 25.079872 26.000000 24.698178 32.280025 31.764760 12.806248 13.601471 12.083046 13.000000 10.198039 11.180340 8.544004 9.486833 9.000000 10.000000 9.055385 10.049876 12.165525 13.152946 15.033296 16.155494 25.632011 7.810250 
17 17.492856 4.242641 4.000000 16.643317 20.808652 16.124515 6.708204 21.400935 20.000000 27.202941 11.313708 5.656854 1.000000 1.414214 8.062258 4.123106 0.000000 1.000000 6.708204 5.099020 23.430749 26.907248 27.586228 24.041631 24.083189 24.839485 24.758837 31.144823 29.000000 24.083189 25.495098 13.453624 14.212670 9.899495 13.601471 10.000000 10.630146 21.587033 22.561028 19.235384 24.515301 19.235384 34.481879 35.355339 34.000000 35.846897 34.885527 31.780497 32.695565 29.154759 30.083218 28.792360 36.400549 35.777088 16.643317 17.492856 16.155494 17.088007 14.317821 15.297059 12.649111 13.601471 13.038405 14.035669 13.000000 14.000000 16.031220 17.029386 19.000000 19.646883 29.732137 6.324555 
18 17.000000 3.605551 3.000000 17.204651 21.400935 16.643317 7.211103 22.022716 20.615528 27.802878 12.041595 5.000000 1.414214 1.000000 7.211103 3.162278 1.000000 0.000000 6.324555 4.123106 22.803509 26.248809 26.907248 23.345235 23.345235 24.083189 24.041631 30.413813 28.284271 23.430749 24.839485 12.727922 13.453624 9.219544 12.806248 9.433981 10.000000 20.615528 21.587033 18.248288 23.537205 18.357560 33.615473 34.481879 33.120990 34.928498 34.000000 30.870698 31.780497 28.231188 29.154759 27.856777 35.440090 34.885527 15.811388 16.643317 15.231546 16.155494 13.341664 14.317821 11.704700 12.649111 12.041595 13.038405 12.000000 13.000000 15.033296 16.031220 18.000000 18.681542 28.792360 6.708204 
19 10.816654 3.000000 6.082763 14.422205 18.601075 13.601471 6.000000 19.416488 18.027756 24.839485 11.180340 2.236068 5.830952 5.385165 4.472136 5.099020 6.708204 6.324555 0.000000 5.385165 16.970563 20.518285 21.260292 17.804494 18.027756 18.867962 18.601075 25.000000 22.803509 17.691806 19.104973 7.615773 8.544004 4.123106 8.246211 3.605551 4.472136 21.095023 21.954498 16.278821 23.706539 14.317821 29.154759 30.083218 28.792360 31.048349 29.732137 26.925824 27.892651 24.515301 25.495098 24.331050 32.249031 30.675723 11.401754 12.369317 12.000000 13.000000 11.401754 12.369317 9.219544 10.198039 11.180340 12.083046 11.661904 12.529964 14.764823 15.652476 17.088007 19.416488 25.317978 5.000000 
20 14.560220 2.828427 1.414214 19.104973 23.345235 18.384776 9.433981 24.083189 22.671568 29.698485 14.764823 3.162278 5.000000 4.000000 3.605551 1.000000 5.099020 4.123106 5.385165 0.000000 19.723083 23.021729 23.600847 20.000000 19.849433 20.518285 20.615528 26.907248 24.839485 20.248457 21.633308 9.433981 10.000000 6.324555 9.219544 7.071068 7.280110 17.088007 18.027756 14.142136 19.924859 14.422205 29.681644 30.528675 29.154759 30.870698 30.016662 26.832816 27.730849 24.166092 25.079872 23.769729 31.320920 30.886890 12.041595 12.806248 11.180340 12.083046 9.219544 10.198039 7.615773 8.544004 8.000000 9.000000 8.062258 9.055385 11.180340 12.165525 14.035669 15.231546 24.698178 8.602325 
21 6.708204 19.209373 21.095023 24.331050 27.018512 23.345235 21.633308 28.017851 27.073973 31.256999 25.079872 17.804494 22.671568 22.022716 16.124515 20.248457 23.430749 22.803509 16.970563 19.723083 0.000000 3.605551 4.472136 2.236068 3.605551 4.472136 3.162278 8.544004 6.324555 1.000000 2.236068 10.295630 9.848858 13.601471 10.770330 13.453624 12.806248 23.769729 24.041631 15.524175 24.698178 9.219544 15.033296 16.031220 15.132746 18.439089 16.124515 14.866069 15.811388 13.892444 14.764823 14.422205 21.540659 17.117243 9.055385 9.000000 12.000000 12.041595 15.033296 15.000000 14.317821 14.142136 17.117243 17.029386 18.110770 18.027756 19.026298 19.104973 18.439089 23.345235 15.264338 20.808652 
22 10.295630 22.671568 24.413111 27.658633 30.149627 26.683328 25.238859 31.144823 30.265492 34.058773 28.635642 21.260292 26.172505 25.495098 19.416488 23.600847 26.907248 26.248809 20.518285 23.021729 3.605551 0.000000 1.000000 3.162278 4.000000 4.123106 3.000000 5.099020 3.000000 2.828427 1.414214 13.601471 13.038405 17.029386 13.892444 16.970563 16.278821 25.179357 25.317978 17.029386 25.709920 11.045361 12.369317 13.341664 12.649111 16.155494 13.601471 13.038405 13.892444 12.727922 13.453624 13.453624 19.723083 14.560220 11.704700 11.401754 14.317821 14.142136 17.464249 17.262677 17.088007 16.763055 19.646883 19.416488 20.615528 20.396078 21.095023 21.023796 20.024984 25.019992 14.142136 24.413111 
23 11.180340 23.345235 25.000000 28.635642 31.144823 27.658633 26.076810 32.140317 31.256999 35.057096 29.546573 21.931712 26.870058 26.172505 20.000000 24.207437 27.586228 26.907248 21.260292 23.600847 4.472136 1.000000 0.000000 3.605551 4.123106 4.000000 3.162278 4.123106 2.000000 3.605551 2.236068 14.212670 13.601471 17.691806 14.422205 17.691806 16.970563 25.079872 25.179357 17.000000 25.495098 11.180340 11.401754 12.369317 11.704700 15.231546 12.649111 12.206556 13.038405 12.041595 12.727922 12.806248 18.867962 13.601471 12.083046 11.704700 14.560220 14.317821 17.720045 17.464249 17.464249 17.088007 19.924859 19.646883 20.880613 20.615528 21.213203 21.095023 20.000000 25.000000 13.453624 25.238859 
24 8.246211 19.798990 21.400935 26.172505 29.000000 25.179357 22.825424 30.000000 29.017236 33.376639 26.570661 18.384776 23.345235 22.627417 16.401219 20.615528 24.041631 23.345235 17.804494 20.000000 2.236068 3.162278 3.605551 0.000000 1.414214 2.236068 1.000000 7.211103 5.000000 1.414214 2.000000 10.630146 10.000000 14.142136 10.816654 14.212670 13.453624 22.360680 22.561028 14.142136 23.086793 8.000000 13.000000 14.000000 13.038405 16.278821 14.035669 12.649111 13.601471 11.661904 12.529964 12.206556 19.313208 15.033296 8.544004 8.246211 11.180340 11.045361 14.317821 14.142136 13.928388 13.601471 16.492423 16.278821 17.464249 17.262677 18.027756 18.000000 17.117243 22.090722 13.038405 21.954498 
25 9.055385 19.849433 21.260292 27.073973 30.016662 26.076810 23.259407 31.016125 30.000000 34.525353 27.202941 18.439089 23.430749 22.671568 16.278821 20.518285 24.083189 23.345235 18.027756 19.849433 3.605551 4.000000 4.123106 1.414214 0.000000 1.000000 1.000000 7.071068 5.000000 2.828427 3.162278 10.630146 9.899495 14.212670 10.630146 14.422205 13.601471 21.213203 21.377558 13.038405 21.840330 7.071068 12.041595 13.038405 12.000000 15.132746 13.000000 11.401754 12.369317 10.295630 11.180340 10.816654 18.027756 14.000000 8.062258 7.615773 10.440307 10.198039 13.601471 13.341664 13.416408 13.000000 15.811388 15.524175 16.763055 16.492423 17.117243 17.029386 16.031220 21.023796 11.661904 22.360680 
26 10.049876 20.615528 21.931712 28.071338 31.016125 27.073973 24.166092 32.015621 31.000000 35.510562 28.160256 19.209373 24.207437 23.430749 16.970563 21.213203 24.839485 24.083189 18.867962 20.518285 4.472136 4.123106 4.000000 2.236068 1.000000 0.000000 1.414214 6.403124 4.472136 3.605551 3.605551 11.401754 10.630146 15.000000 11.313708 15.264338 14.422205 21.095023 21.213203 13.000000 21.587033 7.280110 11.045361 12.041595 11.000000 14.142136 12.000000 10.440307 11.401754 9.433981 10.295630 10.000000 17.088007 13.000000 8.602325 8.062258 10.770330 10.440307 13.928388 13.601471 13.892444 13.416408 16.155494 15.811388 17.088007 16.763055 17.262677 17.117243 16.000000 21.000000 10.816654 23.259407 
27 9.219544 20.518285 22.022716 27.166155 30.000000 26.172505 23.706539 31.000000 30.016662 34.365681 27.513633 19.104973 24.083189 23.345235 17.029386 21.260292 24.758837 24.041631 18.601075 20.615528 3.162278 3.000000 3.162278 1.000000 1.000000 1.414214 0.000000 6.403124 4.242641 2.236068 2.236068 11.313708 10.630146 14.866069 11.401754 15.000000 14.212670 22.203603 22.360680 14.035669 22.803509 8.062258 12.000000 13.000000 12.041595 15.297059 13.038405 11.704700 12.649111 10.816654 11.661904 11.401754 18.384776 14.035669 8.944272 8.544004 11.401754 11.180340 14.560220 14.317821 14.317821 13.928388 16.763055 16.492423 17.720045 17.464249 18.110770 18.027756 17.029386 22.022716 12.206556 22.825424 
28 15.231546 26.907248 28.319605 32.756679 35.227830 31.780497 30.016662 36.221541 35.355339 39.012818 33.615473 25.495098 30.479501 29.732137 23.345235 27.586228 31.144823 30.413813 25.000000 26.907248 8.544004 5.099020 4.123106 7.211103 7.071068 6.403124 6.403124 0.000000 2.236068 7.615773 6.324555 17.691806 16.970563 21.260292 17.691806 21.400935 20.615528 26.076810 26.019224 18.439089 26.019224 13.416408 8.062258 8.944272 8.602325 12.206556 9.433981 10.000000 10.630146 10.770330 11.180340 11.704700 16.278821 10.295630 15.000000 14.422205 17.000000 16.552945 20.124612 19.697716 20.248457 19.723083 22.360680 21.931712 23.259407 22.847319 23.086793 22.803509 21.377558 26.305893 12.083046 29.154759 
29 13.000000 24.758837 26.248809 30.594117 33.136083 29.614186 27.784888 34.132096 33.241540 37.054015 31.384710 23.345235 28.319605 27.586228 21.260292 25.495098 29.000000 28.284271 22.803509 24.839485 6.324555 3.000000 2.000000 5.000000 5.000000 4.472136 4.242641 2.236068 0.000000 5.385165 4.123106 15.556349 14.866069 19.104973 15.620499 19.209373 18.439089 25.000000 25.019992 17.117243 25.179357 11.704700 9.486833 10.440307 9.848858 13.416408 10.770330 10.630146 11.401754 10.816654 11.401754 11.661904 17.204651 11.704700 13.038405 12.529964 15.231546 14.866069 18.384776 18.027756 18.357560 17.888544 20.615528 20.248457 21.540659 21.189620 21.587033 21.377558 20.099751 25.079872 12.206556 26.925824 
30 7.615773 19.849433 21.633308 25.317978 28.017851 24.331050 22.472205 29.017236 28.071338 32.249031 26.000000 18.439089 23.345235 22.671568 16.643317 20.808652 24.083189 23.430749 17.691806 20.248457 1.000000 2.828427 3.605551 1.414214 2.828427 3.605551 2.236068 7.615773 5.385165 0.000000 1.414214 10.816654 10.295630 14.212670 11.180340 14.142136 13.453624 23.537205 23.769729 15.297059 24.351591 9.055385 14.035669 15.033296 14.142136 17.464249 15.132746 13.928388 14.866069 13.038405 13.892444 13.601471 20.615528 16.124515 9.219544 9.055385 12.041595 12.000000 15.132746 15.033296 14.560220 14.317821 17.262677 17.117243 18.248288 18.110770 19.000000 19.026298 18.248288 23.194827 14.422205 21.633308 
31 8.944272 21.260292 23.021729 26.476405 29.068884 25.495098 23.853721 30.066593 29.154759 33.136083 27.313001 19.849433 24.758837 24.083189 18.027756 22.203603 25.495098 24.839485 19.104973 21.633308 2.236068 1.414214 2.236068 2.000000 3.162278 3.605551 2.236068 6.324555 4.123106 1.414214 0.000000 12.206556 11.661904 15.620499 12.529964 15.556349 14.866069 24.331050 24.515301 16.124515 25.000000 10.000000 13.152946 14.142136 13.341664 16.763055 14.317821 13.416408 14.317821 12.806248 13.601471 13.453624 20.124612 15.297059 10.440307 10.198039 13.152946 13.038405 16.278821 16.124515 15.811388 15.524175 18.439089 18.248288 19.416488 19.235384 20.024984 20.000000 19.104973 24.083189 14.212670 23.021729 
32 6.082763 9.219544 10.816654 19.646883 23.409400 18.681542 13.341664 24.351591 23.086793 29.068884 18.027756 7.810250 12.806248 12.041595 5.830952 10.000000 13.453624 12.727922 7.615773 9.433981 10.295630 13.601471 14.212670 10.630146 10.630146 11.401754 11.313708 17.691806 15.556349 10.816654 12.206556 0.000000 1.000000 3.605551 1.414214 4.123106 3.162278 17.804494 18.439089 10.816654 19.798990 7.000000 21.540659 22.472205 21.189620 23.537205 22.135944 19.416488 20.396078 17.117243 18.110770 17.029386 25.019992 23.086793 4.000000 5.000000 5.830952 6.708204 7.211103 7.810250 5.385165 5.830952 8.544004 8.944272 9.486833 9.848858 11.661904 12.206556 12.727922 16.643317 18.027756 12.369317 
33 6.324555 10.000000 11.401754 20.615528 24.351591 19.646883 14.317821 25.298221 24.041631 29.966648 19.026298 8.602325 13.601471 12.806248 6.403124 10.630146 14.212670 13.453624 8.544004 10.000000 9.848858 13.038405 13.601471 10.000000 9.899495 10.630146 10.630146 16.970563 14.866069 10.295630 11.661904 1.000000 0.000000 4.472136 1.000000 5.099020 4.123106 17.204651 17.804494 10.000000 19.104973 6.000000 20.615528 21.540659 20.248457 22.561028 21.189620 18.439089 19.416488 16.124515 17.117243 16.031220 24.020824 22.135944 3.000000 4.000000 5.000000 5.830952 6.708204 7.211103 5.099020 5.385165 8.246211 8.544004 9.219544 9.486833 11.180340 11.661904 12.041595 16.124515 17.029386 13.341664 
34 8.246211 5.656854 7.615773 17.464249 21.470911 16.552945 10.049876 22.360680 21.023796 27.459060 15.033296 4.242641 9.219544 8.485281 3.000000 6.708204 9.899495 9.219544 4.123106 6.324555 13.601471 17.029386 17.691806 14.142136 14.212670 15.000000 14.866069 21.260292 19.104973 14.212670 15.620499 3.605551 4.472136 0.000000 4.123106 1.414214 1.000000 18.439089 19.209373 12.649111 20.808652 10.198039 25.079872 26.000000 24.698178 26.925824 25.632011 22.803509 23.769729 20.396078 21.377558 20.223748 28.160256 26.570661 7.280110 8.246211 8.062258 9.055385 8.062258 8.944272 5.830952 6.708204 8.485281 9.219544 9.219544 9.899495 12.041595 12.806248 13.892444 16.970563 21.213203 9.055385 
35 7.280110 9.433981 10.630146 20.880613 24.698178 19.924859 14.142136 25.632011 24.351591 30.413813 19.000000 8.062258 13.038405 12.206556 5.656854 9.899495 13.601471 12.806248 8.246211 9.219544 10.770330 13.892444 14.422205 10.816654 10.630146 11.313708 11.401754 17.691806 15.620499 11.180340 12.529964 1.414214 1.000000 4.123106 0.000000 5.000000 4.000000 16.401219 17.029386 9.433981 18.384776 6.082763 21.023796 21.931712 20.615528 22.803509 21.540659 18.681542 19.646883 16.278821 17.262677 16.124515 24.083189 22.472205 3.162278 4.123106 4.472136 5.385165 5.830952 6.403124 4.123106 4.472136 7.280110 7.615773 8.246211 8.544004 10.295630 10.816654 11.313708 15.264338 17.117243 13.152946 
36 7.615773 5.830952 8.246211 16.155494 20.124612 15.231546 9.219544 21.023796 19.697716 26.076810 14.000000 4.472136 9.219544 8.602325 4.123106 7.280110 10.000000 9.433981 3.605551 7.071068 13.453624 16.970563 17.691806 14.212670 14.422205 15.264338 15.000000 21.400935 19.209373 14.142136 15.556349 4.123106 5.099020 1.414214 5.000000 0.000000 1.000000 19.849433 20.615528 13.928388 22.203603 11.045361 25.632011 26.570661 25.298221 27.658633 26.248809 23.537205 24.515301 21.213203 22.203603 21.095023 29.068884 27.202941 8.062258 9.055385 9.219544 10.198039 9.433981 10.295630 7.211103 8.062258 9.899495 10.630146 10.630146 11.313708 13.453624 14.212670 15.264338 18.384776 22.090722 8.246211 
37 7.280110 6.403124 8.544004 17.088007 21.023796 16.155494 10.198039 21.931712 20.615528 26.925824 15.000000 5.000000 9.899495 9.219544 4.000000 7.615773 10.630146 10.000000 4.472136 7.280110 12.806248 16.278821 16.970563 13.453624 13.601471 14.422205 14.212670 20.615528 18.439089 13.453624 14.866069 3.162278 4.123106 1.000000 4.000000 1.000000 0.000000 19.104973 19.849433 13.000000 21.400935 10.049876 24.698178 25.632011 24.351591 26.683328 25.298221 22.561028 23.537205 20.223748 21.213203 20.099751 28.071338 26.248809 7.071068 8.062258 8.246211 9.219544 8.602325 9.433981 6.403124 7.211103 9.219544 9.899495 10.000000 10.630146 12.727922 13.453624 14.422205 17.691806 21.095023 9.219544 
38 23.323808 19.697716 17.720045 35.510562 39.661064 34.669872 26.400758 40.496913 39.115214 45.803930 31.780497 19.235384 21.840330 20.880613 16.643317 18.027756 21.587033 20.615528 21.095023 17.088007 23.769729 25.179357 25.079872 22.360680 21.213203 21.095023 22.203603 26.076810 25.000000 23.537205 24.331050 17.804494 17.204651 18.439089 16.401219 19.849433 19.104973 0.000000 1.000000 8.246211 3.000000 14.560220 23.769729 24.166092 22.847319 22.472205 23.259407 19.697716 20.124612 17.088007 17.464249 16.155494 20.518285 23.706539 15.652476 15.231546 12.529964 12.083046 10.630146 10.000000 12.727922 12.041595 10.000000 9.219544 9.433981 8.602325 6.403124 5.656854 5.385165 2.000000 16.552945 25.495098 
39 23.853721 20.615528 18.681542 36.359318 40.496913 35.510562 27.313001 41.340053 39.962482 46.615448 32.695565 20.124612 22.803509 21.840330 17.492856 18.973666 22.561028 21.587033 21.954498 18.027756 24.041631 25.317978 25.179357 22.561028 21.377558 21.213203 22.360680 26.019224 25.019992 23.769729 24.515301 18.439089 17.804494 19.209373 17.029386 20.615528 19.849433 1.000000 0.000000 8.544004 2.000000 14.866069 23.409400 23.769729 22.472205 21.954498 22.847319 19.313208 19.697716 16.763055 17.088007 15.811388 19.849433 23.259407 16.124515 15.652476 13.038405 12.529964 11.313708 10.630146 13.453624 12.727922 10.816654 10.000000 10.295630 9.433981 7.211103 6.403124 5.830952 3.000000 16.155494 26.400758 
40 15.620499 16.000000 15.297059 30.083218 34.014703 29.154759 22.203603 34.928498 33.615473 39.824616 27.459060 15.033296 19.104973 18.110770 12.041595 15.132746 19.235384 18.248288 16.278821 14.142136 15.524175 17.029386 17.000000 14.142136 13.038405 13.000000 14.035669 18.439089 17.117243 15.297059 16.124515 10.816654 10.000000 12.649111 9.433981 13.928388 13.000000 8.246211 8.544004 0.000000 9.433981 6.324555 17.804494 18.439089 17.029386 17.804494 17.691806 14.142136 14.866069 11.313708 12.041595 10.630146 17.464249 18.384776 7.810250 7.211103 5.000000 4.242641 5.000000 4.000000 7.071068 6.082763 6.324555 5.385165 6.708204 5.830952 5.000000 4.472136 3.000000 8.000000 11.401754 21.213203 
41 25.000000 22.472205 20.615528 38.078866 42.190046 37.215588 29.154759 43.046487 41.677332 48.259714 34.539832 21.931712 24.738634 23.769729 19.235384 20.880613 24.515301 23.537205 23.706539 19.924859 24.698178 25.709920 25.495098 23.086793 21.840330 21.587033 22.803509 26.019224 25.179357 24.351591 25.000000 19.798990 19.104973 20.808652 18.384776 22.203603 21.400935 3.000000 2.000000 9.433981 0.000000 15.652476 22.803509 23.086793 21.840330 21.023796 22.135944 18.681542 18.973666 16.278821 16.492423 15.297059 18.601075 22.472205 17.204651 16.643317 14.212670 13.601471 12.806248 12.041595 15.000000 14.212670 12.529964 11.661904 12.083046 11.180340 8.944272 8.062258 7.071068 5.000000 15.524175 28.231188 
42 10.000000 15.231546 15.811388 26.476405 30.083218 25.495098 20.223748 31.048349 29.832868 35.468296 25.019992 13.928388 18.788294 17.888544 11.180340 15.264338 19.235384 18.357560 14.317821 14.422205 9.219544 11.045361 11.180340 8.000000 7.071068 7.280110 8.062258 13.416408 11.704700 9.055385 10.000000 7.000000 6.000000 10.198039 6.082763 11.045361 10.049876 14.560220 14.866069 6.324555 15.652476 0.000000 15.264338 16.124515 14.764823 16.763055 15.652476 12.649111 13.601471 10.198039 11.180340 10.049876 18.027756 16.552945 3.000000 2.000000 3.605551 3.162278 6.708204 6.324555 7.071068 6.403124 8.944272 8.544004 9.848858 9.486833 10.049876 10.000000 9.219544 14.142136 11.045361 19.235384 
43 21.095023 30.413813 31.064449 39.115214 42.000000 38.118237 34.785054 43.000000 42.011903 46.270941 39.051248 29.068884 34.000000 33.120990 26.419690 30.528675 34.481879 33.615473 29.154759 29.681644 15.033296 12.369317 11.401754 13.000000 12.041595 11.045361 12.000000 8.062258 9.486833 14.035669 13.152946 21.540659 20.615528 25.079872 21.023796 25.632011 24.698178 23.769729 23.409400 17.804494 22.803509 15.264338 0.000000 1.000000 1.000000 4.242641 1.414214 4.123106 4.000000 6.708204 6.324555 7.615773 8.602325 2.236068 17.888544 17.000000 18.601075 17.804494 21.260292 20.518285 22.203603 21.400935 23.345235 22.627417 24.041631 23.345235 22.803509 22.203603 20.248457 24.596748 7.280110 33.837849 
44 22.090722 31.304952 31.906112 40.112342 43.000000 39.115214 35.735137 44.000000 43.011626 47.265209 40.024992 29.966648 34.885527 34.000000 27.294688 31.384710 35.355339 34.481879 30.083218 30.528675 16.031220 13.341664 12.369317 14.000000 13.038405 12.041595 13.000000 8.944272 10.440307 15.033296 14.142136 22.472205 21.540659 26.000000 21.931712 26.570661 25.632011 24.166092 23.769729 18.439089 23.086793 16.124515 1.000000 0.000000 1.414214 3.605551 1.000000 4.472136 4.123106 7.211103 6.708204 8.062258 8.062258 1.414214 18.788294 17.888544 19.416488 18.601075 22.022716 21.260292 23.021729 22.203603 24.083189 23.345235 24.758837 24.041631 23.430749 22.803509 20.808652 25.059928 7.615773 34.785054 
45 21.023796 29.966648 30.528675 39.051248 42.011903 38.052595 34.481879 43.011626 42.000000 46.389654 38.832976 28.635642 33.541020 32.649655 25.942244 30.016662 34.000000 33.120990 28.792360 29.154759 15.132746 12.649111 11.704700 13.038405 12.000000 11.000000 12.041595 8.602325 9.848858 14.142136 13.341664 21.189620 20.248457 24.698178 20.615528 25.298221 24.351591 22.847319 22.472205 17.029386 21.840330 14.764823 1.000000 1.414214 0.000000 3.605551 1.000000 3.162278 3.000000 5.830952 5.385165 6.708204 7.810250 2.000000 17.464249 16.552945 18.027756 17.204651 20.615528 19.849433 21.633308 20.808652 22.671568 21.931712 23.345235 22.627417 22.022716 21.400935 19.416488 23.706539 6.324555 33.526109 
46 24.020824 31.953091 32.202484 42.000000 45.099889 41.000000 36.878178 46.097722 45.044423 49.648766 41.436699 30.675723 35.468296 34.539832 27.856777 31.780497 35.846897 34.928498 31.048349 30.870698 18.439089 16.155494 15.231546 16.278821 15.132746 14.142136 15.297059 12.206556 13.416408 17.464249 16.763055 23.537205 22.561028 26.925824 22.803509 27.658633 26.683328 22.472205 21.954498 17.804494 21.023796 16.763055 4.242641 3.605551 3.605551 0.000000 2.828427 4.123106 3.162278 6.708204 5.830952 7.211103 4.472136 2.236068 19.646883 18.681542 19.697716 18.788294 21.954498 21.095023 23.259407 22.360680 23.853721 23.021729 24.413111 23.600847 22.671568 21.931712 19.798990 23.600847 6.403124 35.902646 
47 22.022716 30.870698 31.384710 40.049969 43.011626 39.051248 35.440090 44.011362 43.000000 47.381431 39.812058 29.546573 34.438351 33.541020 26.832816 30.886890 34.885527 34.000000 29.732137 30.016662 16.124515 13.601471 12.649111 14.035669 13.000000 12.000000 13.038405 9.433981 10.770330 15.132746 14.317821 22.135944 21.189620 25.632011 21.540659 26.248809 25.298221 23.259407 22.847319 17.691806 22.135944 15.652476 1.414214 1.000000 1.000000 2.828427 0.000000 3.605551 3.162278 6.403124 5.830952 7.211103 7.211103 1.000000 18.384776 17.464249 18.867962 18.027756 21.400935 20.615528 22.472205 21.633308 23.430749 22.671568 24.083189 23.345235 22.671568 22.022716 20.000000 24.186773 6.708204 34.481879 
48 20.099751 27.856777 28.178006 38.013156 41.194660 37.013511 32.756679 42.190046 41.109610 45.891176 37.336309 26.570661 31.384710 30.463092 23.769729 27.730849 31.780497 30.870698 26.925824 26.832816 14.866069 13.038405 12.206556 12.649111 11.401754 10.440307 11.704700 10.000000 10.630146 13.928388 13.416408 19.416488 18.439089 22.803509 18.681542 23.537205 22.561028 19.697716 19.313208 14.142136 18.681542 12.649111 4.123106 4.472136 3.162278 4.123106 3.605551 0.000000 1.000000 2.828427 2.236068 3.605551 6.708204 4.242641 15.524175 14.560220 15.652476 14.764823 18.027756 17.204651 19.235384 18.357560 20.000000 19.209373 20.615528 19.849433 19.104973 18.439089 16.401219 20.591260 3.162278 31.780497 
49 21.095023 28.792360 29.068884 39.012818 42.190046 38.013156 33.734256 43.185646 42.107007 46.872167 38.327536 27.513633 32.310989 31.384710 24.698178 28.635642 32.695565 31.780497 27.892651 27.730849 15.811388 13.892444 13.038405 13.601471 12.369317 11.401754 12.649111 10.630146 11.401754 14.866069 14.317821 20.396078 19.416488 23.769729 19.646883 24.515301 23.537205 20.124612 19.697716 14.866069 18.973666 13.601471 4.000000 4.123106 3.000000 3.162278 3.162278 1.000000 0.000000 3.605551 2.828427 4.242641 5.830952 3.605551 16.492423 15.524175 16.552945 15.652476 18.867962 18.027756 20.124612 19.235384 20.808652 20.000000 21.400935 20.615528 19.798990 19.104973 17.029386 21.095023 3.605551 32.756679 
50 18.439089 25.298221 25.495098 36.124784 39.458839 35.128336 30.413813 40.447497 39.319207 44.384682 35.128336 24.041631 28.792360 27.856777 21.189620 25.079872 29.154759 28.231188 24.515301 24.166092 13.892444 12.727922 12.041595 11.661904 10.295630 9.433981 10.816654 10.770330 10.816654 13.038405 12.806248 17.117243 16.124515 20.396078 16.278821 21.213203 20.223748 17.088007 16.763055 11.313708 16.278821 10.198039 6.708204 7.211103 5.830952 6.708204 6.403124 2.828427 3.605551 0.000000 1.000000 1.000000 8.062258 7.071068 13.152946 12.165525 13.000000 12.083046 15.264338 14.422205 16.552945 15.652476 17.204651 16.401219 17.804494 17.029386 16.278821 15.620499 13.601471 17.888544 1.414214 29.427878 
51 19.416488 26.248809 26.400758 37.121422 40.447497 36.124784 31.400637 41.436699 40.311289 45.354162 36.124784 25.000000 29.732137 28.792360 22.135944 26.000000 30.083218 29.154759 25.495098 25.079872 14.764823 13.453624 12.727922 12.529964 11.180340 10.295630 11.661904 11.180340 11.401754 13.892444 13.601471 18.110770 17.117243 21.377558 17.262677 22.203603 21.213203 17.464249 17.088007 12.041595 16.492423 11.180340 6.324555 6.708204 5.385165 5.830952 5.830952 2.236068 2.828427 1.000000 0.000000 1.414214 7.071068 6.403124 14.142136 13.152946 13.928388 13.000000 16.124515 15.264338 17.464249 16.552945 18.027756 17.204651 18.601075 17.804494 16.970563 16.278821 14.212670 18.357560 1.000000 30.413813 
52 18.681542 25.000000 25.079872 36.221541 39.623226 35.227830 30.265492 40.607881 39.458839 44.643029 35.057096 23.769729 28.460499 27.513633 20.880613 24.698178 28.792360 27.856777 24.331050 23.769729 14.422205 13.453624 12.806248 12.206556 10.816654 10.000000 11.401754 11.704700 11.661904 13.601471 13.453624 17.029386 16.031220 20.223748 16.124515 21.095023 20.099751 16.155494 15.811388 10.630146 15.297059 10.049876 7.615773 8.062258 6.708204 7.211103 7.211103 3.605551 4.242641 1.000000 1.414214 0.000000 8.000000 7.810250 13.038405 12.041595 12.649111 11.704700 14.764823 13.892444 16.155494 15.231546 16.643317 15.811388 17.204651 16.401219 15.556349 14.866069 12.806248 17.000000 1.000000 29.274562 
53 26.476405 32.756679 32.572995 44.181444 47.518417 43.185646 38.209946 48.507731 47.381431 52.392748 43.046487 31.575307 36.138622 35.171011 28.635642 32.280025 36.400549 35.440090 32.249031 31.320920 21.540659 19.723083 18.867962 19.313208 18.027756 17.088007 18.384776 16.278821 17.204651 20.615528 20.124612 25.019992 24.020824 28.160256 24.083189 29.068884 28.071338 20.518285 19.849433 17.464249 18.601075 18.027756 8.602325 8.062258 7.810250 4.472136 7.211103 6.708204 5.830952 8.062258 7.071068 8.000000 0.000000 6.708204 21.023796 20.024984 20.396078 19.416488 22.135944 21.189620 23.769729 22.803509 23.769729 22.847319 24.166092 23.259407 21.954498 21.095023 18.867962 21.931712 7.000000 37.215588 
54 23.021729 31.780497 32.249031 41.048752 44.011362 40.049969 36.400549 45.011110 44.000000 48.373546 40.792156 30.463092 35.341194 34.438351 27.730849 31.764760 35.777088 34.885527 30.675723 30.886890 17.117243 14.560220 13.601471 15.033296 14.000000 13.000000 14.035669 10.295630 11.704700 16.124515 15.297059 23.086793 22.135944 26.570661 22.472205 27.202941 26.248809 23.706539 23.259407 18.384776 22.472205 16.552945 2.236068 1.414214 2.000000 2.236068 1.000000 4.242641 3.605551 7.071068 6.403124 7.810250 6.708204 0.000000 19.313208 18.384776 19.723083 18.867962 22.203603 21.400935 23.323808 22.472205 24.207437 23.430749 24.839485 24.083189 23.345235 22.671568 20.615528 24.698178 7.211103 35.440090 
55 7.810250 12.529964 13.453624 23.537205 27.202941 22.561028 17.262677 28.160256 26.925824 32.695565 22.022716 11.180340 16.124515 15.264338 8.602325 12.806248 16.643317 15.811388 11.401754 12.041595 9.055385 11.704700 12.083046 8.544004 8.062258 8.602325 8.944272 15.000000 13.038405 9.219544 10.440307 4.000000 3.000000 7.280110 3.162278 8.062258 7.071068 15.652476 16.124515 7.810250 17.204651 3.000000 17.888544 18.788294 17.464249 19.646883 18.384776 15.524175 16.492423 13.152946 14.142136 13.038405 21.023796 19.313208 0.000000 1.000000 3.162278 3.605551 6.000000 6.082763 5.385165 5.099020 8.062258 8.000000 9.055385 9.000000 10.198039 10.440307 10.295630 14.866069 14.035669 16.278821 
56 8.485281 13.416408 14.212670 24.515301 28.160256 23.537205 18.248288 29.120440 27.892651 33.615473 23.021729 12.083046 17.000000 16.124515 9.433981 13.601471 17.492856 16.643317 12.369317 12.806248 9.000000 11.401754 11.704700 8.246211 7.615773 8.062258 8.544004 14.422205 12.529964 9.055385 10.198039 5.000000 4.000000 8.246211 4.123106 9.055385 8.062258 15.231546 15.652476 7.211103 16.643317 2.000000 17.000000 17.888544 16.552945 18.681542 17.464249 14.560220 15.524175 12.165525 13.152946 12.041595 20.024984 18.384776 1.000000 0.000000 3.000000 3.162278 6.082763 6.000000 5.830952 5.385165 8.246211 8.062258 9.219544 9.055385 10.049876 10.198039 9.848858 14.560220 13.038405 17.262677 
