#

param c:
    1  2  3  4  5  6  7  8  9 10 11 12 13 14 15 16 17 18 19 20 21 22 23 24 25 26 27 28 29 30 31 32 33 34 35 36 37 38 39 40 41 42 43 44 45 46 47 48 49 50 51 52 53 54 55 56 57 58 59 60 61 62 63 64 65 66 67 68 69 70 71 72 73 74 75 76 77 78 79 80 81 82 83 84 85 86 87 88 89 90 91 92 93 94 95 96 97 98 99 100 101 102 103 104 105 106 107 108 109 110 111 112 113 114 115 116 117 118 119 120 121 122 123 124 125 126 127 128 129 130 131 132 133 134 135 :=
 1 0.000000 13.514807 31.324910 32.344706 34.457655 35.693137 37.656341 39.755503 36.280160 35.355339 32.667109 34.307142 33.007423 29.769951 32.388269 31.400637 26.800187 14.142136 15.033296 28.301943 15.033296 7.818568 7.891768 8.028076 8.121576 10.983624 13.000000 15.880806 17.407182 20.732824 17.262677 15.892766 13.870833 34.655447 17.000000 24.824383 24.804032 26.400758 25.590623 26.419690 29.293344 31.161675 31.016125 28.969639 28.969639 25.965554 8.062258 9.790812 15.280052 17.572706 19.103141 19.023407 18.901058 20.802163 19.706090 20.357063 20.999524 20.618923 19.011838 13.577187 13.471822 15.976232 17.182549 19.104973 14.122323 48.083261 10.295630 25.495098 39.824616 53.488316 53.141321 13.000000 6.403124 7.280110 10.440307 11.960351 12.747157 13.341664 15.033296 21.213203 35.383612 61.326992 15.132746 45.541190 40.311289 40.311289 39.395431 26.076810 32.557641 22.803509 21.906392 6.184658 23.210558 23.623929 24.035391 27.294688 24.775795 23.706539 24.186773 24.318717 23.753947 22.688323 21.467184 21.095023 21.986359 21.601157 144.170038 146.669697 146.768525 143.568799 79.624117 79.202273 78.790862 79.479557 112.218537 102.107786 79.006329 72.000000 9.055385 58.523500 119.251834 91.787799 80.529498 80.319674 80.112421 78.995253 79.705709 80.622577 80.230917 79.849859 47.413078 79.000000 60.926185 21.023796 12.815615 
 2 13.514807 0.000000 21.637930 20.456050 24.807257 25.962473 27.950850 30.777427 27.338617 26.261188 24.216730 26.732938 25.516269 24.602845 27.236923 26.405492 22.192341 24.508162 25.784685 41.500000 26.215453 12.841339 8.811924 8.121576 8.584288 12.007081 10.604244 13.259336 12.473973 12.801562 10.413933 8.280700 3.471311 36.472592 5.239275 12.020815 12.252755 14.257980 14.028899 15.016324 17.361164 19.701777 19.830532 17.634341 17.634341 15.355129 20.362957 4.114608 2.300000 4.080441 5.961543 6.072891 6.016644 8.200000 7.610519 8.315047 9.108787 9.108787 8.200000 5.661272 4.280187 4.100000 4.148494 11.603879 7.324616 61.590990 18.848077 20.728000 37.752483 49.022954 48.454618 21.758906 7.144928 7.762087 6.200806 1.555635 5.331041 6.931811 11.403947 12.714165 36.897832 66.925705 27.302930 54.944062 47.390400 47.390400 46.400970 27.111806 27.796583 20.412006 18.710959 11.840608 16.752313 13.571293 13.944533 15.121177 13.046455 11.851160 11.985408 11.910080 11.493476 10.113852 8.852683 8.868484 9.716481 10.207840 153.227445 155.254146 155.283772 149.620353 84.700945 84.421857 84.153728 85.364220 122.372587 112.978095 88.647899 81.801284 21.214382 70.531199 125.730863 97.060033 85.660084 85.520758 85.384132 84.286416 85.119034 86.085132 85.833851 85.593516 60.324539 88.753873 66.707196 20.348219 4.609772 
 3 31.324910 21.637930 0.000000 7.119691 3.200000 4.410215 6.407027 9.167879 5.830952 4.716991 3.894868 7.049113 6.462198 10.756393 11.783463 11.706836 11.458621 44.846962 45.954869 58.754149 36.702180 25.162273 23.453998 23.299785 23.213143 21.627066 18.832153 16.968500 14.583552 10.632027 14.094325 15.487091 24.622145 57.585154 24.075922 12.461942 11.593533 9.464143 8.459905 7.494665 7.545197 5.502727 4.588028 5.738467 5.738467 6.389053 39.360513 25.139014 22.095475 20.081086 16.824387 16.381697 16.321765 14.302447 14.261837 13.612494 12.816006 12.614674 13.472936 18.154063 18.801064 17.551353 17.923448 31.132780 28.498596 76.352145 39.636473 40.028115 57.105604 65.841097 65.091090 42.633907 26.654268 28.601573 27.796583 22.597788 26.828716 28.309892 32.671853 31.084562 57.910707 88.512429 39.161844 56.831769 46.074396 46.074396 45.127043 22.415396 12.776932 15.337862 14.199296 25.930677 9.526804 8.115417 7.723341 9.124144 9.436631 10.519030 10.965856 11.438968 11.406139 12.924782 13.853880 13.313527 12.701575 11.544696 174.600258 176.750813 176.794938 171.172574 106.169911 105.917185 105.673317 106.950690 143.256588 133.377097 109.748121 102.818529 40.341666 89.784464 147.343307 118.537969 107.136595 107.010280 106.886154 105.794140 106.644503 107.616216 107.385520 107.163660 78.066958 109.804599 88.311098 41.466251 26.103065 
 4 32.344706 20.456050 7.119691 0.000000 8.321658 8.796590 10.206860 13.736084 11.381125 10.400961 10.881176 13.928388 13.516286 17.701130 18.893914 18.777114 17.920100 44.852871 46.084488 60.535775 40.306079 27.500000 24.869660 24.525293 24.596341 24.263965 21.292722 20.404411 17.772169 13.386934 16.302761 16.862977 22.749505 54.484677 21.339634 8.805112 8.315047 6.198387 6.754258 5.968249 3.104835 1.868154 2.716616 3.679674 3.679674 7.003571 40.092144 24.449949 20.155892 17.707061 14.676853 14.439183 14.468241 12.264175 12.954150 12.252755 11.513470 11.774549 13.333042 18.782971 18.923266 16.772000 16.324828 27.809711 26.300190 79.260204 39.275692 36.113432 52.788067 60.420030 59.623653 42.206398 26.754065 28.110141 26.558991 21.758906 25.057733 26.309314 30.327875 27.294322 54.700823 86.045221 42.466222 62.793152 52.415456 52.415456 51.448810 28.645768 19.884165 21.009046 19.525624 27.819597 14.360014 9.406912 9.050967 5.346027 7.596052 8.728115 8.472308 8.570881 8.962700 10.381715 11.624973 11.618089 10.748953 10.754069 173.429467 175.300257 175.304820 168.426186 103.313987 103.122161 102.939691 104.426912 142.808193 133.423311 109.042102 102.222209 41.024139 90.656384 144.874359 115.670999 104.294679 104.198512 104.104659 103.029753 103.923914 104.908436 104.738627 104.578105 79.738197 109.163089 85.919614 38.664971 24.374167 
 5 34.457655 24.807257 3.200000 8.321658 0.000000 1.236932 3.214032 6.109828 3.111270 2.080865 3.640055 6.020797 6.053098 11.531695 11.837652 12.030378 12.952992 48.030511 49.131762 61.739210 39.328488 28.151377 26.575365 26.439365 26.338755 24.590445 21.852460 19.821453 17.532826 13.731715 17.202616 18.655026 27.750495 60.627799 27.102214 15.171684 14.355835 12.131364 11.365298 10.361950 9.730879 7.213876 6.444377 8.215230 8.215230 9.492102 42.503294 28.334608 25.207340 23.132012 19.876116 19.453534 19.403093 17.336666 17.376996 16.714664 15.912574 15.750873 16.658932 21.345960 22.000909 20.728000 21.044002 34.095894 31.607752 79.077999 42.833748 42.899068 59.906010 68.284186 67.513924 45.831539 29.848451 31.801415 30.976281 25.785655 29.972321 31.437716 35.776109 33.957768 60.937099 91.645676 41.863230 58.233410 47.186121 47.186121 46.261539 23.827085 12.826925 17.335801 16.434719 28.984134 12.180312 11.311057 10.916501 11.650322 12.371338 13.502963 13.853880 14.276204 14.317123 15.859697 16.854970 16.374676 15.719097 14.669697 177.800253 179.948131 179.991472 174.288640 109.265411 109.019861 108.782949 110.082378 146.442241 136.535453 112.943924 106.011933 43.487125 92.874808 150.484983 121.634411 110.233978 110.111217 109.990591 108.900321 109.755774 110.729084 110.504887 110.289301 81.051403 112.998805 91.451244 44.532348 29.248077 
 6 35.693137 25.962473 4.410215 8.796590 1.236932 0.000000 2.000000 5.147815 2.692582 2.000000 4.465423 6.338770 6.609841 12.298374 12.369317 12.649111 13.901439 49.254441 50.358713 62.968246 40.496913 29.382478 27.811508 27.673995 27.574626 25.819373 23.086793 21.038061 18.761930 14.968300 18.439089 19.884165 28.872132 61.684682 28.160256 16.101242 15.311434 13.061393 12.396774 11.384200 10.511898 7.902531 7.211103 9.123596 9.123596 10.621205 43.737855 29.520501 26.318815 24.207437 20.955429 20.544829 20.500000 18.410052 18.496756 17.827226 17.022926 16.886089 17.833956 22.564131 23.205387 21.891551 22.163935 35.114100 32.714523 80.262071 44.045431 43.863424 60.827625 69.028979 68.249542 47.042534 31.064449 33.000000 32.140317 26.960156 31.104501 32.557641 36.878178 34.928498 61.983869 92.763139 43.046487 59.059292 47.927028 47.927028 47.010637 24.698178 13.341664 18.384776 17.541095 30.220026 13.376472 12.501600 12.103718 12.529964 13.410444 14.560220 14.866069 15.264338 15.337862 16.886681 17.912007 17.464249 16.786900 15.799051 179.000000 181.135309 181.176709 175.390992 110.353976 110.113578 109.881755 111.198022 147.665162 137.767921 114.157786 107.228727 44.721360 94.111636 151.608047 122.723266 111.323852 111.203642 111.085553 109.996591 110.855762 111.830228 111.610931 111.400180 82.280010 114.214710 92.574294 45.607017 30.381573 
 7 37.656341 27.950850 6.407027 10.206860 3.214032 2.000000 0.000000 3.535534 2.692582 2.828427 5.825805 6.854196 7.462573 13.313527 13.000000 13.416408 15.206906 51.244512 52.345009 64.845971 42.190046 31.275070 29.770455 29.642031 29.535741 27.702707 25.000000 22.877937 20.649697 16.924834 20.396078 21.867327 30.841530 63.600314 30.083218 17.923448 17.159254 14.892951 14.313630 13.296616 12.218838 9.552487 8.944272 10.956277 10.956277 12.601984 45.705580 31.519200 28.282150 26.145745 22.898253 22.496444 22.455512 20.350184 20.467780 19.794191 18.988944 18.866372 19.830532 24.558909 25.204960 23.883886 24.133794 37.000000 34.673333 81.987804 46.043458 45.694639 62.609903 70.604532 69.814039 49.040799 33.060551 35.000000 34.132096 28.956001 33.080054 34.525353 38.832976 36.769553 63.890531 94.725920 44.777226 60.033324 48.754487 48.754487 47.853944 25.806976 13.928388 19.849433 19.123023 32.144206 15.170036 14.501379 14.103191 14.317821 15.331014 16.492423 16.763055 17.140595 17.240940 18.792552 19.840363 19.416488 18.724316 17.776670 181.000000 183.133831 183.174780 177.341479 112.294256 112.058021 111.830228 113.159180 149.656273 139.742621 116.155069 109.224539 46.690470 96.046864 153.574086 124.663547 113.265176 113.147028 113.030969 111.943066 112.805142 113.780490 113.564959 113.357840 84.154620 116.211015 94.540996 47.539457 32.357997 
 8 39.755503 30.777427 9.167879 13.736084 6.109828 5.147815 3.535534 0.000000 3.500000 4.527693 7.102112 6.440497 7.529276 13.124405 12.103718 12.747549 15.532225 53.558379 54.612270 66.426651 43.156691 33.017117 31.871304 31.806446 31.652172 29.426858 26.879360 24.472433 22.459074 19.116747 22.549945 24.200826 33.789051 66.727056 33.203915 21.242646 20.443581 18.201648 17.475125 16.471187 15.646086 13.009612 12.349089 14.266745 14.266745 15.550241 47.817361 34.190057 31.263077 29.224989 25.967865 25.536053 25.480385 23.433523 23.429255 22.777401 21.979081 21.781644 22.588714 27.011849 27.772108 26.682204 27.091327 40.205721 37.666165 82.972887 48.502577 48.994898 65.973480 74.111403 73.324621 51.502427 35.503521 37.583241 36.912058 31.693059 35.990138 37.476659 41.838977 40.056211 67.041032 97.675483 45.853026 59.215707 47.691718 47.691718 46.824139 25.465663 12.903488 20.408332 19.992248 34.033072 16.737085 17.213076 16.834488 17.677670 18.480801 19.608672 19.962465 20.378911 20.426698 21.969524 22.959530 22.461077 21.819716 20.712557 183.517029 185.743102 185.796932 180.339957 115.336464 115.084751 114.841195 116.114168 151.935842 141.846748 118.551676 111.590770 48.810859 97.890245 156.500799 127.704738 116.303482 116.177666 116.053867 114.961950 115.812348 116.783989 116.552563 116.329274 85.700058 118.585412 97.470508 50.621142 35.263863 
 9 36.280160 27.338617 5.830952 11.381125 3.111270 2.692582 2.692582 3.500000 0.000000 1.118034 3.700000 4.162932 4.841487 10.700467 10.307764 10.735455 12.747549 50.062461 51.119957 63.089223 40.065571 29.613848 28.392429 28.319605 28.171084 26.024796 23.436083 21.100948 19.025246 15.620499 19.059119 20.700966 30.391611 63.405441 29.904013 18.179659 17.340415 15.147607 14.266394 13.283448 12.831602 10.324728 9.552487 11.264546 11.264546 12.209013 44.342418 30.711724 27.884225 25.904633 22.649062 22.200000 22.135944 20.131567 20.056919 19.418033 18.626057 18.392662 19.141578 23.513613 24.282504 23.239836 23.708437 36.962819 34.285420 79.888985 45.002778 45.839394 62.890778 71.381020 70.613384 48.002604 32.003906 34.091788 33.455194 28.229417 32.575144 34.077118 38.461019 36.895122 63.735783 94.256300 42.711240 57.369417 46.067885 46.067885 45.169127 23.200216 11.236103 17.500000 16.909760 30.594117 13.352153 13.767353 13.395895 14.705441 15.254180 16.347783 16.770510 17.223530 17.219175 18.745933 19.684766 19.137659 18.532404 17.336666 180.017360 182.247771 182.302633 176.935723 111.956465 111.697135 111.446175 112.695386 148.446118 138.380815 115.053249 108.093709 45.334865 94.478834 153.069429 124.323168 112.921433 112.791844 112.664324 111.570605 112.415524 113.385405 113.147028 112.917005 82.378699 115.088010 94.043873 47.278431 31.847920 
10 35.355339 26.261188 4.716991 10.400961 2.080865 2.000000 2.828427 4.527693 1.118034 0.000000 3.023243 4.356604 4.742362 10.547512 10.440307 10.770330 12.379418 49.091751 50.159745 62.297673 39.446166 28.777248 27.464158 27.376084 27.238943 25.192062 22.561028 20.302709 18.166177 14.657762 18.110770 19.712433 29.298464 62.297673 28.792360 17.066048 16.224673 14.035669 13.148384 12.165525 11.751596 9.276314 8.485281 10.160709 10.160709 11.100000 43.416587 29.662434 26.785817 24.795161 21.539034 21.092416 21.029741 19.019201 18.956002 18.314202 17.520845 17.295664 18.067927 22.502000 23.248441 22.163935 22.610617 35.846897 33.187950 79.259069 44.000000 44.721360 61.773781 70.292247 69.526973 47.000000 31.000000 33.060551 32.388269 27.167076 31.487934 32.984845 37.363083 35.777088 62.625873 93.171884 42.059482 57.306195 46.097722 46.097722 45.188494 23.021729 11.401754 17.029386 16.336768 29.719522 12.559060 12.692124 12.316655 13.601471 14.136478 15.231546 15.652476 16.105900 16.101242 17.628386 18.569868 18.027756 17.418381 16.236071 179.011173 181.223619 181.276033 175.846524 110.860272 110.602893 110.353976 111.610931 147.488983 137.462722 114.070154 107.116759 44.407207 93.621579 151.990131 123.227432 111.825757 111.697135 111.570605 110.477373 111.323852 112.294256 112.058021 111.830228 81.596569 114.109596 92.962358 46.173586 30.761014 
11 32.667109 24.216730 3.894868 10.881176 3.640055 4.465423 5.825805 7.102112 3.700000 3.023243 0.000000 3.162278 2.647640 7.892401 8.315047 8.434453 9.449339 46.518168 47.555652 59.389730 36.429933 25.927784 24.789111 24.739644 24.573563 22.337860 19.777260 17.404023 15.357409 12.106610 15.502903 17.229045 27.386493 60.523880 27.150322 16.077624 15.174320 13.152186 11.947385 11.053506 11.428036 9.362158 8.458132 9.580188 9.580188 9.596353 40.727632 27.423348 24.941933 23.126176 19.901005 19.411594 19.325889 17.454226 17.189823 16.595481 15.831614 15.494515 16.035274 20.099751 20.945883 20.124115 20.779317 34.303644 31.312937 76.246574 41.534805 43.325974 60.474292 69.520788 68.783283 44.532460 28.550657 30.723607 30.251281 25.012197 29.511523 31.053824 35.484363 34.402616 60.889572 91.121567 39.053041 54.618129 43.546986 43.546986 42.623233 20.237095 9.313431 14.026404 13.313527 26.931209 9.656604 10.733592 10.400000 12.897287 12.860016 13.839798 14.420125 14.945902 14.821943 16.280663 17.081569 16.417673 15.915401 14.493102 176.538778 178.820413 178.883034 173.826178 108.916206 108.638575 108.369461 109.557017 144.866628 134.748432 111.523719 104.552092 41.722176 90.798348 149.890427 121.276296 109.876021 109.737368 109.600821 108.502949 109.334075 110.299320 110.043355 109.795902 78.678714 111.548823 90.888613 44.370486 28.783676 
12 34.307142 26.732938 7.049113 13.928388 6.020797 6.338770 6.854196 6.440497 4.162932 4.356604 3.162278 0.000000 1.300000 6.717887 6.146544 6.586350 9.106591 48.317492 49.300913 60.376982 36.815486 27.225907 26.504717 26.527156 26.309314 23.654598 21.311499 18.642425 16.901183 14.220056 17.452220 19.338045 29.992332 63.161539 29.936266 19.165855 18.252123 16.273291 15.007332 14.142843 14.589037 12.477580 11.583609 12.741272 12.741272 12.587692 42.334147 29.735501 27.609056 25.914089 22.724656 22.214635 22.116284 20.332486 19.960210 19.399227 18.659046 18.260340 18.632498 22.280036 23.235533 22.673773 23.479779 37.123847 33.930812 76.609268 43.512987 46.205844 63.382805 72.604270 71.873361 46.499247 30.603595 32.908661 32.652412 27.423530 32.057604 33.630046 38.086481 37.306568 63.552970 93.512459 39.549716 53.233260 41.906801 41.906801 41.009511 19.167159 7.083784 14.006427 13.705838 28.385384 11.100000 13.471822 13.172699 16.043067 15.890249 16.822009 17.452220 17.996111 17.836199 19.260841 19.998500 19.281597 18.834543 17.304624 178.411266 180.789878 180.866194 176.221962 111.393806 111.098965 110.812364 111.936500 146.502491 136.207856 113.300397 106.302305 43.333359 92.018368 152.214914 123.744010 112.348476 112.201292 112.056147 110.954630 111.772000 112.732338 112.458792 112.193494 79.605151 113.302162 93.257600 47.008297 31.332092 
13 33.007423 25.516269 6.462198 13.516286 6.053098 6.609841 7.462573 7.529276 4.841487 4.742362 2.647640 1.300000 0.000000 5.860034 5.787055 6.040695 8.021222 47.017975 48.000937 59.122669 35.643934 25.937232 25.204960 25.228555 25.009798 22.363586 20.012246 17.353098 15.601282 12.952220 16.164467 18.062392 28.796007 61.963618 28.800868 18.252123 17.327723 15.415901 14.073024 13.245754 13.918692 11.961605 11.049434 12.022063 12.022063 11.604310 41.035229 28.478237 26.432745 24.783260 21.613422 21.095023 20.991427 19.252013 18.830826 18.284967 17.557050 17.132717 17.447063 21.009760 21.979081 21.469280 22.318826 35.998472 32.735455 75.452568 42.219545 45.105321 62.293579 71.655356 70.932997 45.204978 29.317060 31.633685 31.408438 26.184346 30.844448 32.423603 36.884821 36.222783 62.362569 92.257737 38.360005 52.578418 41.355653 41.355653 40.446137 18.360011 6.774216 12.879829 12.500400 27.089481 9.800000 12.349089 12.065239 15.241063 14.924142 15.814234 16.483022 17.042594 16.850519 18.245273 18.940169 18.195879 17.780045 16.198765 177.112083 179.493426 179.570293 174.965968 110.153938 109.855769 109.565916 110.679221 145.204304 134.916604 112.000402 105.002333 42.034391 90.742989 150.948634 122.501796 111.107560 110.958731 110.811958 109.709799 110.524613 111.484035 111.207419 110.939127 78.360003 112.002187 91.999402 45.813644 30.119927 
14 29.769951 24.602845 10.756393 17.701130 11.531695 12.298374 13.313527 13.124405 10.700467 10.547512 7.892401 6.717887 5.860034 0.000000 2.692582 1.802776 3.000000 43.911844 44.780018 54.619136 30.549141 22.232409 22.314345 22.487774 22.167769 18.806648 16.977927 13.908630 12.909686 11.920570 14.326549 16.447796 28.050847 60.854334 28.692333 20.124612 19.185672 17.755281 16.085086 15.532225 17.200291 15.915401 15.008331 15.241063 15.241063 13.555811 37.619809 26.877686 25.971715 24.824383 21.942653 21.371476 21.224985 19.944423 19.125376 18.744599 18.163975 17.541095 17.253985 19.377564 20.580087 20.849221 22.151524 35.850384 31.923189 70.229979 39.537956 45.069391 62.235440 72.582711 71.918356 42.464691 27.041635 29.618406 29.970819 24.935918 29.850293 31.484123 35.933967 36.431442 61.337183 90.284273 33.365401 46.768045 35.654593 35.654593 34.731110 12.500000 3.201562 7.762087 8.002500 23.632605 7.860025 13.207574 13.086252 17.867568 16.682026 17.240940 18.117671 18.741665 18.357560 19.473315 19.821453 18.901058 18.752333 16.860012 173.848353 176.420662 176.525494 172.887970 108.380118 108.033560 107.695172 108.633558 141.531799 130.962781 108.615146 101.578787 38.616706 86.482657 148.705245 120.678291 109.317199 109.144400 108.973621 107.863339 108.638161 109.582161 109.257723 108.941498 73.730930 108.573708 89.968050 44.846962 29.152873 
15 32.388269 27.236923 11.783463 18.893914 11.837652 12.369317 13.000000 12.103718 10.307764 10.440307 8.315047 6.146544 5.787055 2.692582 0.000000 1.000000 5.590170 46.529560 47.381431 56.885851 32.572995 24.797782 24.981593 25.164459 24.838680 21.411212 19.646883 16.552945 15.601602 14.500000 17.000000 19.114916 30.675723 63.529521 31.240999 22.209232 21.265935 19.677398 18.085353 17.441330 18.785633 17.200291 16.278821 16.823793 16.823793 15.530937 40.199502 29.561123 28.560112 27.338617 24.395286 23.830443 23.690715 22.314345 21.566873 21.152068 20.537283 19.948434 19.764868 22.053118 23.244139 23.440137 24.686839 38.418745 34.560671 72.090221 42.201896 47.634021 64.815122 75.006666 74.330344 45.122057 29.732137 32.310989 32.649655 27.598007 32.500615 34.132096 38.587563 38.948684 64.007812 92.973114 35.440090 47.169906 35.777088 35.777088 34.885527 13.453624 1.000000 10.049876 10.530432 26.234519 10.484751 15.462535 15.300327 19.697716 18.762729 19.416488 20.248457 20.861448 20.524376 21.720037 22.150395 21.260292 21.052316 19.209633 176.408617 179.011173 179.120071 175.570499 111.072049 110.724884 110.385687 111.319360 144.013888 133.375410 111.162044 104.120123 41.194660 88.814413 151.380316 123.369364 112.008928 111.835817 111.664677 110.554285 111.328343 112.271991 111.946416 111.628849 75.927597 111.112556 92.655275 47.507894 31.800000 
16 31.400637 26.405492 11.706836 18.777114 12.030378 12.649111 13.416408 12.747549 10.735455 10.770330 8.434453 6.586350 6.040695 1.802776 1.000000 0.000000 4.609772 45.541190 46.389654 55.901699 31.622777 23.801891 24.014162 24.204338 23.873835 20.421557 18.681542 15.575622 14.670037 13.713132 16.124515 18.247740 29.852973 62.649820 30.479501 21.708293 20.766319 19.250974 17.620443 17.017638 18.506756 17.042594 16.124515 16.542068 16.542068 15.073487 39.204592 28.668101 27.768327 26.600752 23.696624 23.127689 22.983690 21.664025 20.874147 20.479502 19.884165 19.275373 19.027612 21.174041 22.380572 22.645971 23.934076 37.643060 33.725954 71.175839 41.231056 46.861498 64.031242 74.330344 73.661387 44.147480 28.792360 31.384710 31.764760 26.736679 31.652646 33.286634 37.735925 38.209946 63.134776 92.027170 34.481879 46.647615 35.341194 35.341194 34.438351 12.727922 1.414214 9.055385 9.533625 25.243811 9.660745 14.869095 14.727525 19.313208 18.260340 18.867962 19.723083 20.342075 19.981241 21.136698 21.523011 20.615528 20.440157 18.569060 175.410946 178.016853 178.126360 174.613860 110.136279 109.786156 109.444050 110.367568 143.013985 132.378246 110.163515 103.121288 40.199502 87.823687 150.416090 122.429572 111.072049 110.897475 110.724884 109.614096 110.385687 111.328343 111.000000 110.679718 74.953319 110.113578 91.706052 46.647615 30.955452 
17 26.800187 22.192341 11.458621 17.920100 12.952992 13.901439 15.206906 15.532225 12.747549 12.379418 9.449339 9.106591 8.021222 3.000000 5.590170 4.609772 0.000000 40.942032 41.800120 51.684137 27.771388 19.237463 19.409534 19.608672 19.272000 15.826876 14.080128 10.965856 10.151847 9.823441 11.800424 13.940230 25.660281 58.234440 26.518861 18.973666 18.057962 16.924834 15.163443 14.780054 16.901183 16.065491 15.206906 15.003000 15.003000 12.757743 34.630189 24.236543 23.700844 22.756318 20.041956 19.461244 19.300259 18.247740 17.279468 16.981166 16.484235 15.795252 15.261062 16.807439 18.064883 18.598118 20.047194 33.604315 29.480332 67.529623 36.623080 42.816469 59.927039 70.613384 69.973209 39.537956 24.233242 26.856098 27.354159 22.414281 27.364941 29.004310 33.425290 34.311077 58.738829 87.448556 30.549141 45.400991 34.630189 34.630189 33.678628 10.965856 5.852350 4.924429 5.003998 20.651876 5.742822 11.892855 11.859595 17.182840 15.604166 15.976545 16.918924 17.551353 17.088007 18.033580 18.212358 17.240940 17.217723 15.253196 170.854470 173.436588 173.543222 170.018381 105.575802 105.220008 104.872542 105.779251 138.532487 127.973630 105.618417 98.581185 35.626535 83.517962 145.812379 117.861147 106.509389 106.332027 106.156724 105.045228 105.812334 106.753220 106.420158 106.095476 70.825490 105.575802 87.122041 42.299527 26.681267 
18 14.142136 24.508162 44.846962 44.852871 48.030511 49.254441 51.244512 53.558379 50.062461 49.091751 46.518168 48.317492 47.017975 43.911844 46.529560 45.541190 40.942032 0.000000 1.414214 19.723083 22.671568 21.834148 21.814674 21.800229 22.008180 25.120510 27.073973 30.016662 31.435808 34.441980 31.016125 29.390134 22.986953 25.079872 25.553865 36.527387 36.748333 38.680745 38.226692 39.156098 41.748054 43.930058 43.931765 41.780857 41.780857 39.061618 6.708204 20.431838 25.343244 27.942799 30.458661 30.579241 30.516389 32.673078 31.898746 32.600767 33.349363 33.159312 31.790722 26.704681 26.189502 28.086296 28.650305 23.345235 20.693960 41.182521 5.830952 24.698178 33.376639 48.259714 48.166378 3.605551 18.248288 16.763055 18.788294 23.122500 20.854016 20.248457 18.384776 25.495098 26.000000 47.885280 20.808652 51.478151 49.203658 49.203658 48.414874 39.395431 46.690470 36.878178 36.037342 20.303941 37.222708 36.868550 37.278680 39.560081 37.302011 36.138622 36.400549 36.378565 35.920050 34.600000 33.335267 33.241540 34.120375 34.231710 130.096118 132.544332 132.638607 129.691943 66.241981 65.764732 65.299311 65.795137 98.412398 88.645361 65.007692 58.034473 5.830952 46.097722 105.304321 78.262379 67.119297 66.882359 66.648331 65.530527 66.189123 67.082039 66.640828 66.211781 36.878178 65.030762 47.413078 17.720045 21.378494 
19 15.033296 25.784685 45.954869 46.084488 49.131762 50.358713 52.345009 54.612270 51.119957 50.159745 47.555652 49.300913 48.000937 44.780018 47.381431 46.389654 41.800120 1.414214 0.000000 18.357560 22.627417 22.621450 22.800877 22.817756 23.003478 25.973833 28.017851 30.909545 32.403858 35.502817 32.062439 30.479173 24.331050 25.632011 26.925824 37.805423 38.011051 39.922425 39.437038 40.358394 42.980228 45.135906 45.122057 42.979530 42.979530 40.224495 7.280110 21.694700 26.666083 29.264313 31.741613 31.851060 31.784430 33.931254 33.132009 33.832085 34.574268 34.367717 32.973474 27.834152 27.358545 29.312796 29.920561 24.758837 22.087100 39.824616 7.211103 26.000000 34.234486 49.162994 49.091751 5.000000 19.416488 18.027756 20.124612 24.381345 22.214635 21.633308 19.798990 26.907248 26.570661 47.507894 20.615528 50.990195 49.040799 49.040799 48.270074 39.924930 47.518417 37.656341 36.868550 21.148286 38.201178 38.009078 38.420047 40.804412 38.520644 37.363083 37.643060 37.632433 37.165172 35.860284 34.595375 34.481879 35.363823 35.434588 129.139460 131.643458 131.745968 129.096863 65.863495 65.368188 64.884513 65.306967 97.329338 87.475711 64.000000 57.008771 6.324555 44.777226 104.675690 77.826731 66.730802 66.484961 66.241981 65.124880 65.764732 66.648331 66.189123 65.741920 35.468296 64.007812 47.010637 18.973666 22.729716 
20 28.301943 41.500000 58.754149 60.535775 61.739210 62.968246 64.845971 66.426651 63.089223 62.297673 59.389730 60.376982 59.122669 54.619136 56.885851 55.901699 51.684137 19.723083 18.357560 0.000000 25.000000 33.593601 35.688654 36.011804 35.957753 37.148890 39.924930 41.995238 44.206447 48.177277 44.777226 43.783330 40.941422 40.000000 43.863424 53.115440 53.105932 54.677235 53.791077 54.576552 57.519562 59.257489 59.033889 57.066978 57.066978 53.937093 21.260292 37.468120 42.919459 45.415856 47.302537 47.264046 47.151352 49.095112 48.007604 48.656038 49.288741 48.882921 47.233992 41.765297 41.759909 44.270080 45.385460 42.801869 39.477082 21.470911 25.000000 44.283180 50.249378 65.192024 65.276336 23.323808 34.409301 34.058773 36.796739 39.960606 39.113808 38.897301 37.802116 45.000000 41.000000 51.224994 22.000000 43.139309 45.650849 45.650849 45.177428 46.010868 56.718604 46.872167 46.764196 32.897568 49.742638 51.527565 51.931686 55.569776 53.013583 51.971146 52.478567 52.619388 52.050456 50.987842 49.761833 49.396356 50.287175 49.837837 122.000000 125.399362 125.634390 127.534309 68.593003 67.882251 67.178866 66.603303 88.362888 77.000000 57.280014 50.289164 20.518285 32.062439 102.956301 79.397733 69.296465 68.943818 68.593003 67.529623 67.896981 68.622154 67.941151 67.268120 19.313208 57.008771 50.447993 37.161808 39.487213 
21 15.033296 26.215453 36.702180 40.306079 39.328488 40.496913 42.190046 43.156691 40.065571 39.446166 36.429933 36.815486 35.643934 30.549141 32.572995 31.622777 27.771388 22.671568 22.627417 25.000000 0.000000 13.730623 17.569291 18.216751 17.831433 16.280049 19.209373 19.964969 22.565682 26.945315 24.083189 24.020408 27.770488 47.169906 30.805844 34.946388 34.572243 35.420333 34.036451 34.548517 37.662979 38.683976 38.209946 36.628404 36.628404 33.304804 16.643317 23.534230 28.409153 30.126400 30.455377 30.147803 29.970819 31.230274 29.828342 30.288777 30.649307 29.992332 28.214358 23.331095 24.060133 26.922853 28.720028 34.014703 28.869361 39.824616 22.360680 40.447497 53.851648 68.007353 67.720012 23.853721 20.223748 22.022716 25.079872 24.836465 27.200919 28.071338 30.066593 36.055513 48.020829 69.634761 3.000000 30.594117 26.627054 26.627054 25.806976 21.023796 32.280025 22.847319 23.170887 14.396180 27.190623 30.904530 31.255400 36.235342 33.547578 32.802439 33.600595 33.967632 33.305405 32.783532 31.800000 31.064449 31.840226 30.640007 146.659470 149.833241 150.029997 149.966663 87.920419 87.367042 86.821656 86.954011 113.282832 102.000000 81.584312 74.525164 17.204651 57.035077 125.399362 99.644368 88.752465 88.477398 88.204308 87.093341 87.664132 88.509886 87.982953 87.464278 43.566042 81.394103 69.065187 35.440090 27.096863 
22 7.818568 12.841339 25.162273 27.500000 28.151377 29.382478 31.275070 33.017117 29.613848 28.777248 25.927784 27.225907 25.937232 22.232409 24.797782 23.801891 19.237463 21.834148 22.621450 33.593601 13.730623 0.000000 4.031129 4.726521 4.257934 3.590265 6.350591 8.584288 10.625441 14.623953 11.301770 10.696261 15.016324 41.863230 17.813759 21.365393 21.063950 22.135266 20.922954 21.567800 24.647312 26.044961 25.716337 23.889119 23.889119 20.634922 15.405518 11.047624 15.119854 16.567740 16.726028 16.417673 16.241305 17.557335 16.182089 16.681727 17.105847 16.501212 14.724809 9.625487 10.331505 13.192801 15.008331 22.435017 17.147886 51.760313 18.070141 30.399507 46.049213 58.987541 58.548527 20.816580 8.469357 11.141364 13.502963 11.627553 15.100993 16.374676 19.640010 24.185326 42.533869 69.135591 15.340469 42.201066 35.289233 35.289233 34.320985 18.480530 24.906425 15.044268 14.268847 1.838478 16.280663 18.194505 18.584133 22.989780 20.308865 19.445565 20.167548 20.479502 19.831288 19.181502 18.146349 17.462245 18.272657 17.253985 151.617050 154.217801 154.329939 151.381406 87.422709 87.006494 86.599827 87.297938 119.373908 108.984999 86.383621 79.349417 16.399085 64.873184 127.053257 99.597841 88.330799 88.123663 87.918883 86.801959 87.516456 88.434891 88.046181 87.667155 52.906805 86.345411 68.739581 27.220029 14.780054 
23 7.891768 8.811924 23.453998 24.869660 26.575365 27.811508 29.770455 31.871304 28.392429 27.464158 24.789111 26.504717 25.204960 22.314345 24.981593 24.014162 19.409534 21.814674 22.800877 35.688654 17.569291 4.031129 0.000000 0.700000 0.282843 4.386342 5.336666 8.475848 9.625487 12.845622 9.374433 8.115417 11.065261 39.720020 13.801449 18.031362 17.839282 19.160376 18.147176 18.902910 21.889267 23.568835 23.355513 21.378494 21.378494 18.266089 15.952429 7.273239 11.088733 12.587295 12.984991 12.731457 12.567020 14.092906 12.798828 13.368994 13.894603 13.384319 11.660617 6.236986 6.640030 9.486833 11.189281 18.721111 13.483323 54.646866 17.224401 27.023693 43.135600 55.674770 55.200362 20.161349 5.374012 8.202439 10.023971 7.605919 11.352973 12.738917 16.367040 20.373512 40.327162 68.094640 18.933568 46.206926 39.070193 39.070193 38.093044 20.800962 25.248366 15.921055 14.725828 3.244996 15.408115 15.877342 16.285576 20.041956 17.418381 16.440195 17.055204 17.290460 16.671233 15.839192 14.718696 14.144964 15.001333 14.263590 151.910763 154.331721 154.417875 150.616998 86.277923 85.902736 85.537594 86.394907 120.080306 109.999455 86.800230 79.809022 16.943435 66.345158 126.402848 98.533649 87.203670 87.016837 86.832482 85.718901 86.471267 87.406407 87.059060 86.721854 54.938875 86.808295 67.751605 24.476111 10.963576 
24 8.028076 8.121576 23.299785 24.525293 26.439365 27.673995 29.642031 31.806446 28.319605 27.376084 24.739644 26.527156 25.228555 22.487774 25.164459 24.204338 19.608672 21.800229 22.817756 36.011804 18.216751 4.726521 0.700000 0.000000 0.538516 4.920366 5.536244 8.732125 9.701546 12.727922 9.265528 7.874643 10.369667 39.304580 13.101527 17.541380 17.376133 18.752333 17.786793 18.564752 21.523243 23.259407 23.070544 21.066799 21.066799 17.993888 16.063935 6.612866 10.394710 11.921829 12.397580 12.160592 12.000000 13.579396 12.310971 12.897287 13.446561 12.961867 11.260551 5.800862 6.095900 8.920202 10.581588 18.056855 12.831602 55.100363 17.083618 26.409279 42.589318 55.062238 54.582506 20.041208 4.904080 7.723341 9.415413 6.906519 10.689247 12.093387 15.781318 19.693908 39.900501 67.853150 19.535864 46.906823 39.754874 39.754874 38.776926 21.317833 25.456826 16.249615 14.996666 3.847077 15.446682 15.626260 16.036521 19.637973 17.034377 16.032779 16.620770 16.837161 16.226522 15.352199 14.213022 13.669309 14.534442 13.867949 151.885648 154.275241 154.356892 150.410272 86.014243 85.646074 85.288041 86.172211 120.130138 110.104723 86.804666 79.822616 17.048460 66.540589 126.217471 98.281484 86.942797 86.759438 86.578577 85.465783 86.224416 87.162205 86.821944 86.491907 55.238121 86.820792 67.519257 23.971859 10.288343 
25 8.121576 8.584288 23.213143 24.596341 26.338755 27.574626 29.535741 31.652172 28.171084 27.238943 24.573563 26.309314 25.009798 22.167769 24.838680 23.873835 19.272000 22.008180 23.003478 35.957753 17.831433 4.257934 0.282843 0.538516 0.000000 4.404543 5.192302 8.357033 9.442987 12.611503 9.141116 7.854935 10.890363 39.761288 13.600000 17.748521 17.556765 18.880678 17.871765 18.630083 21.613422 23.300000 23.090258 21.109240 21.109240 18.002500 16.178999 7.151224 10.866462 12.336936 12.709445 12.453514 12.288613 13.810503 12.515990 13.086252 13.612494 13.103435 11.381125 5.954830 6.360031 9.208692 10.917875 18.594623 13.370116 54.928681 17.376996 26.943645 43.104060 55.596403 55.117692 20.321417 5.381450 8.207314 9.947864 7.400676 11.227199 12.631706 16.308280 20.227704 40.362854 68.212609 19.208332 46.410775 39.224482 39.224482 38.246046 20.812496 25.114936 15.835403 14.615403 3.522783 15.216110 15.616978 16.025605 19.762591 17.140595 16.160446 16.773789 17.008233 16.389326 15.556349 14.436066 13.862179 14.718696 13.984634 152.103123 154.514595 154.599353 150.748665 86.387268 86.014882 85.652554 86.520287 120.293641 110.226857 87.000920 80.012249 17.168576 66.592492 126.542325 98.647656 87.314145 87.128698 86.945730 85.832453 86.587297 87.523483 87.178897 86.844459 55.204710 87.011264 67.873117 24.469573 10.824047 
26 10.983624 12.007081 21.627066 24.263965 24.590445 25.819373 27.702707 29.426858 26.024796 25.192062 22.337860 23.654598 22.363586 18.806648 21.411212 20.421557 15.826876 25.120510 25.973833 37.148890 16.280049 3.590265 4.386342 4.920366 4.404543 0.000000 2.973214 5.015974 7.057620 11.164676 7.964923 7.742093 14.808106 44.045885 17.229045 18.710692 18.305191 19.155156 17.821336 18.393477 21.500233 22.742251 22.366046 20.615528 20.615528 17.321951 18.826577 11.406139 14.289857 15.221038 14.725828 14.329341 14.138246 15.121177 13.685394 14.094325 14.406249 13.729530 11.957006 7.495332 8.558621 11.258774 13.219682 22.769278 17.620443 55.054882 21.000952 31.283222 47.508315 59.933630 59.442746 23.850367 9.759098 12.587295 14.312233 11.132385 15.435349 16.906803 20.693960 24.286622 44.665871 72.050260 18.243903 43.167580 35.384177 35.384177 34.395349 16.414628 21.574058 11.892855 10.923827 4.825971 12.690548 14.883884 15.261062 19.980991 17.290460 16.523922 17.321663 17.696327 17.032029 16.571059 15.652476 14.860686 15.606409 14.360014 155.061407 157.614213 157.718864 154.448179 90.287541 89.893493 89.508882 90.288648 122.901749 112.553276 89.850097 82.824151 19.825236 68.463421 130.169274 102.508731 91.205482 91.009285 90.815417 89.700000 90.434728 91.362137 90.994725 90.636858 56.460960 89.822269 71.681518 28.862432 14.969302 
27 13.000000 10.604244 18.832153 21.292722 21.852460 23.086793 25.000000 26.879360 23.436083 22.561028 19.777260 21.311499 20.012246 16.977927 19.646883 18.681542 14.080128 27.073973 28.017851 39.924930 19.209373 6.350591 5.336666 5.536244 5.192302 2.973214 0.000000 3.224903 4.428318 8.273452 5.000000 4.876474 13.776792 44.654227 15.811388 15.882380 15.435025 16.211107 14.855302 15.420765 18.528357 19.780040 19.416488 17.647663 17.647663 14.360014 21.023796 11.039022 12.778106 13.274035 12.317873 11.869709 11.672618 12.431010 10.978616 11.331814 11.583609 10.878419 9.124144 5.323533 6.609841 9.002222 11.001818 21.954498 17.042300 58.008620 22.561028 30.805844 47.423623 59.363288 58.830264 25.495098 10.295630 13.038405 14.142136 10.072239 14.821943 16.401219 20.518285 23.259407 45.221676 73.389373 21.213203 45.398238 37.121422 37.121422 36.124784 16.643317 19.924859 10.816654 9.481034 7.158911 10.223991 11.920151 12.300406 17.029386 14.340153 13.601471 14.422205 14.818907 14.150972 13.775340 12.924396 12.083046 12.790622 11.454693 157.155973 159.615162 159.705980 155.939091 91.547802 91.181138 90.824006 91.706052 125.195847 114.982607 92.005435 85.000000 22.022716 71.063352 131.734582 103.817147 92.477024 92.294366 92.114060 91.001374 91.760558 92.698436 92.357999 92.027170 59.236813 92.000000 73.054774 29.068884 14.256227 
28 15.880806 13.259336 16.968500 20.404411 19.821453 21.038061 22.877937 24.472433 21.100948 20.302709 17.404023 18.642425 17.353098 13.908630 16.552945 15.575622 10.965856 30.016662 30.909545 41.995238 19.964969 8.584288 8.475848 8.732125 8.357033 5.015974 3.224903 0.000000 2.640076 7.017834 4.753946 5.921149 16.585536 47.870659 18.341210 16.292636 15.686937 16.012495 14.440222 14.812157 17.902514 18.741665 18.248288 16.726028 16.726028 13.406342 23.807562 14.148498 15.297059 15.384408 13.843771 13.324038 13.124405 13.373481 11.941943 12.119818 12.159770 11.378049 9.800510 7.648529 9.033825 10.914211 12.865458 24.795161 20.024984 59.412120 25.663203 33.766848 50.503465 62.238252 61.684682 28.572714 13.520355 16.260381 17.274258 12.940247 17.810390 19.416488 23.617790 25.973063 48.433460 76.568923 22.280036 44.283180 35.400565 35.400565 34.400581 13.863621 16.786900 7.602631 6.264982 9.800510 7.749194 11.060289 11.385078 16.745149 14.132233 13.630847 14.560220 15.054567 14.389232 14.361058 13.746272 12.790622 13.341664 11.669190 160.031247 162.550300 162.649316 159.088026 94.742810 94.371606 94.009574 94.870438 127.914034 117.566152 94.835647 87.814577 24.807257 73.432963 134.861410 107.004673 95.670267 95.485339 95.302676 94.189437 94.944194 95.880134 95.534287 95.197689 61.294372 94.813501 76.227292 32.239727 17.210462 
29 17.407182 12.473973 14.583552 17.772169 17.532826 18.761930 20.649697 22.459074 19.025246 18.166177 15.357409 16.901183 15.601282 12.909686 15.601602 14.670037 10.151847 31.435808 32.403858 44.206447 22.565682 10.625441 9.625487 9.701546 9.442987 7.057620 4.428318 2.640076 0.000000 4.386342 2.531798 4.341659 15.922625 48.106237 17.280336 13.851354 13.200379 13.418271 11.820744 12.175796 15.263355 16.122035 15.646405 14.092906 14.092906 10.771258 25.444253 14.119844 14.287407 13.961733 12.007498 11.454257 11.258774 11.201786 9.818350 9.900505 9.841240 9.044888 7.602631 6.859300 8.207314 9.481034 11.308846 24.070937 19.602296 61.904846 26.780777 33.196536 50.151869 61.442738 60.855649 29.742394 14.135417 16.715562 17.251377 12.465151 17.431581 19.068561 23.426694 25.052146 48.623143 77.380941 24.831633 46.673440 37.526124 37.526124 36.526839 15.212166 15.981552 7.963040 6.236986 11.574109 5.803447 8.420214 8.745856 14.135417 11.545129 11.100000 12.050311 12.568612 11.910500 12.007081 11.506954 10.517129 10.989540 9.219544 161.530833 163.956732 164.042098 160.005656 95.470467 95.124182 94.787183 95.740326 129.617167 119.410259 96.401297 89.401398 26.442579 75.457339 135.853634 107.769244 96.407520 96.234921 96.064614 94.954515 95.730925 96.675798 96.354605 96.042751 63.518580 96.401297 77.070163 32.236780 16.776472 
