#

param c:
    1  2  3  4  5  6  7  8  9 10 11 12 13 14 15 16 17 18 19 20 21 22 23 24 25 26 27 28 29 30 :=
 1 0.000000 62.609903 56.142675 42.154478 54.708317 64.031242 55.569776 58.000000 39.395431 45.221676 33.376639 36.674242 37.854986 46.010868 40.706265 37.013511 43.104524 48.764741 9.486833 15.811388 18.973666 23.194827 26.172505 11.180340 63.513778 64.031242 46.872167 68.767725 60.166436 58.898217 
 2 62.609903 0.000000 24.000000 20.808652 11.704700 13.416408 8.000000 117.388245 101.980390 107.540690 94.921020 98.432718 99.724621 105.513032 103.310212 96.840074 102.107786 110.860272 72.013888 47.010637 43.908997 77.987178 39.051248 73.790243 7.615773 13.416408 31.953091 26.400758 44.045431 14.866069 
 3 56.142675 24.000000 0.000000 20.808652 13.601471 13.416408 25.298221 114.070154 94.148818 100.623059 89.453899 92.655275 93.770998 102.044108 94.831429 93.048375 99.005050 104.393486 65.375837 43.289722 38.052595 64.884513 30.016662 66.610810 31.144823 36.496575 46.097722 49.244289 62.128898 35.735137 
 4 42.154478 20.808652 20.808652 0.000000 13.038405 23.000000 15.000000 98.310732 81.541401 87.315520 75.000000 78.447435 79.699435 86.313383 82.764727 77.466122 83.024093 90.757920 51.623638 26.925824 23.259407 57.314920 18.384776 53.310412 23.600847 26.400758 26.419690 36.496575 43.462628 22.803509 
 5 54.708317 11.704700 13.601471 13.038405 0.000000 10.049876 11.704700 111.305885 93.984041 99.929975 87.800911 91.214034 92.444578 99.297533 95.078915 90.426766 96.026038 103.445638 64.195015 39.812058 35.735137 68.007353 29.529646 65.787537 18.027756 23.086793 34.058773 35.693137 49.203658 22.135944 
 6 64.031242 13.416408 13.416408 23.000000 10.049876 0.000000 18.439089 121.061968 103.092192 109.201648 97.293371 100.662803 101.867561 109.036691 104.062481 100.129916 105.801701 112.791844 73.498299 49.497475 45.122057 75.802375 38.275318 75.000000 21.023796 26.832816 42.720019 39.812058 56.568542 27.802878 
 7 55.569776 8.000000 25.298221 15.000000 11.704700 18.439089 0.000000 109.635761 94.826157 100.224747 87.464278 91.000000 92.309263 97.800818 96.254870 89.185201 94.371606 103.469802 64.884513 39.824616 37.202150 72.124892 33.301652 66.730802 8.602325 12.165525 24.596748 24.186773 38.209946 10.440307 
 8 58.000000 117.388245 114.070154 98.310732 111.305885 121.061968 109.635761 0.000000 27.202941 20.518285 25.495098 23.086793 22.472205 12.041595 29.068884 21.023796 15.297059 17.029386 49.091751 71.568149 76.236474 59.615434 84.053554 48.259714 116.387285 115.169440 92.612094 115.381974 97.652445 109.786156 
 9 39.395431 101.980390 94.148818 81.541401 93.984041 103.092192 94.826157 27.202941 0.000000 7.280110 11.401754 9.000000 8.062258 19.723083 3.000000 17.029386 20.248457 11.401754 29.966648 55.009090 58.309519 33.734256 64.845971 28.231188 102.576800 102.625533 82.879430 105.759160 92.455395 97.349884 
10 45.221676 107.540690 100.623059 87.315520 99.929975 109.201648 100.224747 20.518285 7.280110 0.000000 13.453624 9.899495 8.485281 15.297059 8.602325 16.155494 17.000000 4.123106 35.735137 60.539243 64.195015 41.000000 71.063352 34.205263 107.782188 107.540690 87.005747 110.000000 95.524866 102.215459 
11 33.376639 94.921020 89.453899 75.000000 87.800911 97.293371 87.464278 25.495098 11.401754 13.453624 0.000000 3.605551 5.000000 14.317821 14.317821 7.211103 12.806248 16.124515 24.083189 48.083261 52.172790 34.985711 59.539903 23.000000 94.847246 94.413982 73.600272 96.607453 82.134037 89.067390 
12 36.674242 98.432718 92.655275 78.447435 91.214034 100.662803 91.000000 23.086793 9.000000 9.899495 3.605551 0.000000 1.414214 12.806248 12.000000 8.062258 12.206556 12.529964 27.294688 51.546096 55.542776 36.674242 62.801274 26.076810 98.412398 98.005102 77.201036 100.209780 85.632938 92.660671 
13 37.854986 99.724621 93.770998 79.699435 92.444578 101.867561 92.309263 22.472205 8.062258 8.485281 5.000000 1.414214 0.000000 12.727922 11.045361 9.000000 12.529964 11.180340 28.442925 52.810984 56.753854 37.161808 63.953108 27.166155 99.744674 99.362971 78.600254 101.607086 87.045965 94.021274 
14 46.010868 105.513032 102.044108 86.313383 99.297533 109.036691 97.800818 12.041595 19.723083 15.297059 14.317821 12.806248 12.727922 0.000000 22.360680 9.000000 3.605551 14.035669 37.215588 59.539903 64.195015 49.244289 72.027772 36.496575 104.675690 103.619496 81.412530 104.316825 87.458562 98.234414 
15 40.706265 103.310212 94.831429 82.764727 95.078915 104.062481 96.254870 29.068884 3.000000 8.602325 14.317821 12.000000 11.045361 22.360680 0.000000 20.024984 23.086793 12.529964 31.384710 56.435804 59.506302 33.241540 65.787537 29.529646 104.100913 104.292857 84.899941 107.712581 94.810337 99.045444 
16 37.013511 96.840074 93.048375 77.466122 90.426766 100.129916 89.185201 21.023796 17.029386 16.155494 7.211103 8.062258 9.000000 9.000000 20.024984 0.000000 6.324555 17.204651 28.284271 50.635956 55.226805 41.617304 63.031738 27.658633 96.208108 95.341491 73.573093 96.566040 80.659779 89.961103 
17 43.104524 102.107786 99.005050 83.024093 96.026038 105.801701 94.371606 15.297059 20.248457 17.000000 12.806248 12.206556 12.529964 3.605551 23.086793 6.324555 0.000000 16.492423 34.525353 56.320511 61.073726 47.707442 69.000000 33.955854 101.192885 100.089960 77.826731 100.722391 83.868945 94.704805 
18 48.764741 110.860272 104.393486 90.757920 103.445638 112.791844 103.469802 17.029386 11.401754 4.123106 16.124515 12.529964 11.180340 14.035669 12.529964 17.204651 16.492423 0.000000 39.293765 63.906181 67.720012 45.122057 74.732858 37.854986 110.923397 110.535062 89.627005 112.645462 97.580736 105.190304 
19 9.486833 72.013888 65.375837 51.623638 64.195015 73.498299 64.884513 49.091751 29.966648 35.735137 24.083189 27.294688 28.442925 37.215588 31.384710 28.284271 34.525353 39.293765 0.000000 25.059928 28.460499 20.880613 35.510562 2.236068 72.718636 73.006849 54.671748 77.077883 66.648331 67.801180 
20 15.811388 47.010637 43.289722 26.925824 39.812058 49.497475 39.824616 71.568149 55.009090 60.539243 48.083261 51.546096 52.810984 59.539903 56.435804 50.635956 56.320511 63.906181 25.059928 0.000000 5.830952 35.777088 14.317821 26.925824 47.707442 48.270074 32.695565 53.600373 47.853944 43.185646 
21 18.973666 43.908997 38.052595 23.259407 35.735137 45.122057 37.202150 76.236474 58.309519 64.195015 52.172790 55.542776 56.753854 64.195015 59.506302 55.226805 61.073726 67.720012 28.460499 5.830952 0.000000 35.805028 8.544004 30.083218 45.453273 46.690470 33.955854 53.338541 50.159745 41.868843 
22 23.194827 77.987178 64.884513 57.314920 68.007353 75.802375 72.124892 59.615434 33.734256 41.000000 34.985711 36.674242 37.161808 49.244289 33.241540 41.617304 47.707442 45.122057 20.880613 35.777088 35.805028 0.000000 38.948684 19.313208 80.622577 82.328610 68.447060 89.044932 82.861330 77.620873 
23 26.172505 39.051248 30.016662 18.384776 29.529646 38.275318 33.301652 84.053554 64.845971 71.063352 59.539903 62.801274 63.953108 72.027772 65.787537 63.031738 69.000000 74.732858 35.510562 14.317821 8.544004 38.948684 0.000000 36.878178 41.868843 44.102154 36.000000 52.554733 53.150729 39.824616 
24 11.180340 73.790243 66.610810 53.310412 65.787537 75.000000 66.730802 48.259714 28.231188 34.205263 23.000000 26.076810 27.166155 36.496575 29.529646 27.658633 33.955854 37.854986 2.236068 26.925824 30.083218 19.313208 36.878178 0.000000 74.625733 75.000000 56.850682 79.208585 68.883960 69.814039 
25 63.513778 7.615773 31.144823 23.600847 18.027756 21.023796 8.602325 116.387285 102.576800 107.782188 94.847246 98.412398 99.744674 104.675690 104.100913 96.208108 101.192885 110.923397 72.718636 47.707442 45.453273 80.622577 41.868843 74.625733 0.000000 5.830952 27.294688 18.788294 37.443290 8.544004 
26 64.031242 13.416408 36.496575 26.400758 23.086793 26.832816 12.165525 115.169440 102.625533 107.540690 94.413982 98.005102 99.362971 103.619496 104.292857 95.341491 100.089960 110.535062 73.006849 48.270074 46.690470 82.328610 44.102154 75.000000 5.830952 0.000000 24.020824 13.000000 32.249031 5.385165 
27 46.872167 31.953091 46.097722 26.419690 34.058773 42.720019 24.596748 92.612094 82.879430 87.005747 73.600272 77.201036 78.600254 81.412530 84.899941 73.573093 77.826731 89.627005 54.671748 32.695565 33.955854 68.447060 36.000000 56.850682 27.294688 24.020824 0.000000 23.021729 17.464249 19.026298 
28 68.767725 26.400758 49.244289 36.496575 35.693137 39.812058 24.186773 115.381974 105.759160 110.000000 96.607453 100.209780 101.607086 104.316825 107.712581 96.566040 100.722391 112.645462 77.077883 53.600373 53.338541 89.044932 52.554733 79.208585 18.788294 13.000000 23.021729 0.000000 23.345235 14.000000 
29 60.166436 44.045431 62.128898 43.462628 49.203658 56.568542 38.209946 97.652445 92.455395 95.524866 82.134037 85.632938 87.045965 87.458562 94.810337 80.659779 83.868945 97.580736 66.648331 47.853944 50.159745 82.861330 53.150729 68.883960 37.443290 32.249031 17.464249 23.345235 0.000000 29.206164 
30 58.898217 14.866069 35.735137 22.803509 22.135944 27.802878 10.440307 109.786156 97.349884 102.215459 89.067390 92.660671 94.021274 98.234414 99.045444 89.961103 94.704805 105.190304 67.801180 43.185646 41.868843 77.620873 39.824616 69.814039 8.544004 5.385165 19.026298 14.000000 29.206164 0.000000 
;

param qq := 4500;

param d :=
1 0
2 300
3 3100
4 125
5 100
6 200
7 150
8 150
9 450
10 300
11 100
12 950
13 125
14 150
15 150
16 550
17 150
18 100
19 150
20 400
21 300
22 1500
23 100
24 300
25 500
26 800
27 300
28 100
29 150
30 1000
;