#

param c:
    1  2  3  4  5  6  7  8  9 10 11 12 13 14 15 16 17 18 19 20 21 22 23 24 25 26 27 28 29 30 31 32 33 34 35 36 37 38 39 40 41 42 43 44 45 46 47 48 :=
 1 0.000000 48.083261 58.309519 77.794601 87.315520 44.181444 47.413078 48.373546 82.097503 70.880181 58.000000 97.015463 36.221541 88.566359 11.661904 80.622577 36.878178 16.124515 12.806248 63.812225 94.085068 78.892332 48.166378 26.683328 81.706793 72.801099 90.000000 70.256672 56.356011 74.242845 81.633327 36.221541 37.735925 72.249567 60.166436 18.867962 44.271887 62.769419 60.464866 88.000000 38.052595 36.055513 88.769364 34.525353 14.142136 54.332311 92.649879 38.209946 
 2 48.083261 0.000000 97.324200 63.906181 101.980390 10.198039 8.944272 52.497619 84.403791 85.276022 91.760558 106.301458 20.591260 106.826963 56.568542 86.556340 71.386273 60.299254 38.209946 41.761226 90.354856 101.548018 20.591260 21.540659 98.081599 44.045431 88.836929 76.419893 80.498447 95.414884 104.307238 14.142136 31.622777 102.156742 76.026311 36.055513 42.520583 49.193496 37.947332 87.132084 50.119856 82.873397 99.035347 14.422205 36.221541 65.604878 115.377641 74.966659 
 3 58.309519 97.324200 0.000000 86.092973 55.713553 97.529483 92.347171 58.821765 69.426220 48.414874 12.806248 69.079664 92.477024 51.419841 46.647615 64.031242 26.076810 42.190046 61.351447 87.361319 83.737686 39.293765 86.023253 79.699435 50.159745 98.081599 78.102497 59.464275 31.240999 39.395431 40.792156 89.844310 70.028566 24.083189 44.045431 61.611687 65.115282 79.120162 86.348133 76.576759 52.611786 31.304952 62.609903 87.361319 63.245553 50.119856 48.000000 22.360680 
 4 77.794601 63.906181 86.092973 0.000000 54.589376 72.801099 55.027266 31.622777 29.120440 44.407207 74.242845 52.000000 78.917679 62.289646 76.026311 34.525353 66.483081 76.157731 65.969690 22.360680 28.284271 64.280635 43.680659 68.029405 54.037024 25.612497 28.844410 30.265492 55.461698 58.549125 66.121101 71.021124 42.190046 74.726167 43.081318 59.665736 33.526109 16.000000 26.000000 27.784888 42.190046 93.722996 47.539457 68.731361 65.513357 36.055513 74.108029 70.767224 
 5 87.315520 101.980390 55.713553 54.589376 0.000000 107.517440 93.722996 49.517674 26.000000 17.204651 43.680659 13.416408 108.406642 8.246211 78.587531 20.099751 54.332311 75.709973 81.412530 69.856997 36.055513 17.204651 82.800966 94.403390 6.000000 77.794601 31.048349 26.832816 32.249031 16.492423 16.970563 102.176318 70.710678 33.286634 27.784888 77.175126 59.464275 59.093147 71.554175 30.594117 54.405882 80.224684 8.944272 99.357939 82.365041 36.878178 20.396078 56.035703 
 6 44.181444 10.198039 97.529483 72.801099 107.517440 0.000000 18.110770 58.137767 91.586025 90.509668 93.230896 112.800709 11.313708 111.803399 54.037024 93.230896 72.111026 58.137767 36.496575 50.990195 98.488578 105.603030 29.120440 18.110770 103.247276 54.000000 96.602277 82.800966 83.761566 99.639350 108.406642 8.000000 36.878178 104.709121 80.721744 36.055513 48.414874 57.584720 47.074409 94.826157 54.037024 80.024996 105.261579 10.198039 34.525353 70.710678 119.632771 75.286121 
 7 47.413078 8.944272 92.347171 55.027266 93.722996 18.110770 0.000000 44.407207 75.604233 77.201036 85.906926 97.672924 26.683328 98.812955 54.405882 77.897368 66.272166 57.723479 36.055513 32.984845 81.412530 94.021274 11.661904 22.627417 90.000000 36.055513 79.924965 67.882251 73.539105 87.817994 96.747093 18.973666 24.166092 95.519631 68.264193 32.557641 34.409301 40.249224 29.120440 78.230429 43.081318 80.523289 90.509668 17.888544 34.176015 57.688820 107.703296 70.114193 
 8 48.373546 52.497619 58.821765 31.622777 49.517674 58.137767 44.407207 0.000000 35.440090 32.802439 48.662100 54.918121 60.033324 54.405882 44.944410 35.777088 36.055513 44.721360 38.052595 28.635642 46.043458 50.159745 34.000000 46.518813 45.607017 39.293765 42.426407 25.059928 32.062439 43.863424 52.801515 53.254108 21.260292 54.332311 24.166092 32.249031 10.000000 20.591260 28.071338 40.447497 10.770330 62.289646 47.201695 50.477718 38.209946 13.416408 63.529521 40.496913 
 9 82.097503 84.403791 69.426220 29.120440 26.000000 91.586025 75.604233 35.440090 0.000000 21.260292 56.639209 23.323808 94.847246 34.058773 76.236474 6.324555 57.584720 74.672619 72.993150 47.201695 14.422205 38.626416 64.031242 81.706793 26.683328 53.665631 8.944272 12.165525 38.832976 34.000000 39.849718 87.658428 55.461698 52.153619 26.832816 67.468511 43.863424 36.878178 49.678969 7.211103 44.407207 86.162637 18.439089 84.970583 73.348483 28.071338 46.173586 60.926185 
10 70.880181 85.276022 48.414874 44.407207 17.204651 90.509668 77.201036 32.802439 21.260292 0.000000 35.608988 26.305893 91.214034 21.633308 62.801274 15.620499 40.199502 60.299254 64.404969 55.785303 35.383612 20.000000 66.573268 77.201036 12.806248 64.776539 29.732137 14.142136 18.973666 14.142136 22.090722 85.041167 53.814496 31.304952 10.770330 60.033324 42.801869 45.122057 56.920998 28.284271 37.202150 67.911707 18.110770 82.219219 65.299311 19.798990 31.622777 42.755117 
11 58.000000 91.760558 12.806248 74.242845 43.680659 93.230896 85.906926 48.662100 56.639209 35.608988 0.000000 56.920998 89.554453 40.199502 46.690470 51.224994 21.633308 42.520583 58.309519 77.278716 70.936591 28.071338 78.409183 76.026311 37.947332 87.863531 65.299311 46.861498 18.867962 27.202941 30.000000 85.906926 62.513998 15.231546 31.622777 57.271284 56.035703 68.410526 76.655072 63.780875 44.045431 38.470768 50.159745 83.258633 60.033324 38.626416 38.832976 19.798990 
12 97.015463 106.301458 69.079664 52.000000 13.416408 112.800709 97.672924 54.918121 23.323808 26.305893 56.920998 0.000000 114.908659 19.798990 89.106678 19.798990 66.000000 86.579443 89.888820 70.455660 28.000000 30.528675 86.278618 101.212647 18.973666 76.941536 24.331050 30.000000 44.045431 29.732137 30.000000 108.166538 76.026311 46.647615 36.878178 85.088190 64.404969 60.000000 72.801099 24.738634 61.741396 92.779308 8.246211 105.394497 90.620086 43.863424 30.528675 68.117545 
13 36.221541 20.591260 92.477024 78.917679 108.406642 11.313708 26.683328 60.033324 94.847246 91.214034 89.554453 114.908659 0.000000 111.946416 47.074409 95.770559 68.000000 51.419841 31.304952 58.034473 103.092192 104.690019 36.000000 14.142136 103.711137 62.513998 100.657836 85.088190 82.219219 98.994949 107.517440 8.000000 39.395431 102.078401 80.919713 32.802439 50.990195 63.150614 54.037024 98.792712 54.037024 72.249567 107.070071 10.198039 29.529646 71.610055 118.827606 70.682388 
14 88.566359 106.826963 51.419841 62.289646 8.246211 111.803399 98.812955 54.405882 34.058773 21.633308 40.199502 19.798990 111.946416 0.000000 79.120162 28.000000 53.851648 75.894664 83.761566 76.550637 44.271887 12.165525 88.204308 97.836598 8.944272 84.899941 39.293765 33.526109 32.310989 14.560220 10.770330 106.075445 75.286121 27.856777 31.112698 80.000000 64.404969 65.787537 78.000000 38.832976 58.000000 78.025637 17.088007 103.247276 84.876381 41.231056 12.165525 54.918121 
15 11.661904 56.568542 46.647615 76.026311 78.587531 54.037024 54.405882 44.944410 76.236474 62.801274 46.690470 89.106678 47.074409 79.120162 0.000000 74.000000 26.076810 4.472136 18.439089 65.115282 89.106678 68.876701 52.839379 36.000000 72.801099 74.966659 84.593144 64.124878 46.818800 64.621978 71.554175 46.043458 39.698866 61.220911 52.345009 22.360680 43.266615 62.128898 62.225397 82.607506 34.176015 26.305893 80.894994 44.000000 20.396078 48.166378 82.365041 26.907248 
16 80.622577 86.556340 64.031242 34.525353 20.099751 93.230896 77.897368 35.777088 6.324555 15.620499 51.224994 19.798990 95.770559 28.000000 74.000000 0.000000 53.851648 72.111026 72.277244 51.107729 19.798990 32.310989 66.483081 82.292162 20.396078 58.309519 14.142136 10.770330 34.000000 27.784888 33.526109 88.836929 56.603887 46.043458 22.803509 67.052218 44.944410 40.496913 53.254108 12.806248 43.680659 82.219219 13.416408 86.092973 72.801099 26.305893 40.049969 56.920998 
17 36.878178 71.386273 26.076810 66.483081 54.332311 72.111026 66.272166 36.055513 57.584720 40.199502 21.633308 66.000000 68.000000 53.851648 26.076810 53.851648 0.000000 22.360680 36.715120 63.560994 71.693793 43.081318 60.133186 54.626001 48.373546 74.323617 66.483081 45.694639 22.090722 39.293765 45.694639 64.621978 44.181444 35.383612 31.048349 36.055513 40.496913 56.603887 62.032250 64.621978 27.856777 28.635642 58.034473 62.032250 38.470768 31.622777 56.356011 4.472136 
18 16.124515 60.299254 42.190046 76.157731 75.709973 58.137767 57.723479 44.721360 74.672619 60.299254 42.520583 86.579443 51.419841 75.894664 4.472136 72.111026 22.360680 0.000000 22.090722 66.483081 87.863531 65.391131 55.461698 40.049969 69.856997 76.576759 83.186537 62.513998 43.680659 61.351447 68.029405 50.159745 41.617304 57.201399 50.039984 25.298221 44.045431 62.801274 63.780875 81.215762 34.000000 22.803509 78.409183 48.041649 24.083189 46.690470 78.714675 22.803509 
19 12.806248 38.209946 61.351447 65.969690 81.412530 36.496575 36.055513 38.052595 72.993150 64.404969 58.309519 89.888820 31.304952 83.761566 18.439089 72.277244 36.715120 22.090722 0.000000 51.107729 84.095184 75.286121 35.608988 18.439089 76.157731 60.000000 80.399005 61.611687 52.497619 70.000000 78.102497 28.635642 25.059928 71.217975 53.665631 6.324555 32.557641 50.596443 47.707442 78.409183 28.635642 44.721360 81.706793 26.305893 2.000000 46.173586 89.375612 39.395431 
20 63.812225 41.761226 87.361319 22.360680 69.856997 50.990195 32.984845 28.635642 47.201695 55.785303 77.278716 70.455660 58.034473 76.550637 65.115282 51.107729 63.560994 66.483081 51.107729 0.000000 50.000000 75.312682 22.090722 48.662100 67.675697 10.770330 49.517674 43.081318 60.133186 69.050706 77.665951 50.039984 26.076810 82.000000 50.159745 44.944410 23.323808 10.770330 4.000000 48.083261 35.777088 87.200917 64.498062 48.000000 50.119856 40.000000 87.361319 68.029405 
21 94.085068 90.354856 83.737686 28.284271 36.055513 98.488578 81.412530 46.043458 14.422205 35.383612 70.936591 28.000000 103.092192 44.271887 89.106678 19.798990 71.693793 87.863531 84.095184 50.000000 0.000000 51.107729 69.771054 90.708324 38.470768 53.814496 5.656854 26.000000 53.254108 47.201695 51.884487 95.519631 64.031242 65.604878 41.182521 78.230429 52.952809 41.182521 53.254108 7.211103 56.035703 100.319490 27.202941 92.973114 84.214013 41.231056 56.320511 75.153177 
22 78.892332 101.548018 39.293765 64.280635 17.204651 105.603030 94.021274 50.159745 38.626416 20.000000 28.071338 30.528675 104.690019 12.165525 68.876701 32.310989 43.081318 65.391131 75.286121 75.312682 51.107729 0.000000 84.095184 90.553851 12.806248 84.593144 45.650849 34.058773 22.803509 6.324555 2.828427 99.357939 69.971423 16.124515 26.000000 72.138755 59.933296 64.776539 76.157731 44.721360 51.613952 66.121101 25.455844 96.540147 76.576759 36.769553 14.142136 43.680659 
23 48.166378 20.591260 86.023253 43.680659 82.800966 29.120440 11.661904 34.000000 64.031242 66.573268 78.409183 86.278618 36.000000 88.204308 52.839379 66.483081 60.133186 55.461698 35.608988 22.090722 69.771054 84.095184 0.000000 27.856777 79.322128 27.202941 68.264193 56.639209 64.560050 77.820306 86.764048 28.000000 16.000000 86.833173 58.137767 30.528675 24.166092 28.635642 18.110770 66.573268 34.525353 78.000000 79.246451 26.076810 34.058773 47.413078 97.529483 64.280635 
24 26.683328 21.540659 79.699435 68.029405 94.403390 18.110770 22.627417 46.518813 81.706793 77.201036 76.026311 101.212647 14.142136 97.836598 36.000000 82.292162 54.626001 40.049969 18.439089 48.662100 90.708324 90.553851 27.856777 0.000000 89.643739 55.027266 87.931792 71.554175 68.117545 84.852814 93.380940 10.198039 26.683328 88.204308 66.843100 18.867962 37.947332 52.038447 44.721360 86.023253 40.000000 62.128898 93.295230 8.000000 16.492423 57.688820 104.690019 57.584720 
25 81.706793 98.081599 50.159745 54.037024 6.000000 103.247276 90.000000 45.607017 26.683328 12.806248 37.947332 18.973666 103.711137 8.944272 72.801099 20.396078 48.373546 69.856997 76.157731 67.675697 38.470768 12.806248 79.322128 89.643739 0.000000 76.157731 33.105891 24.738634 26.305893 10.770330 13.416408 97.672924 66.603303 28.425341 22.803509 72.111026 55.605755 56.920998 69.079664 32.310989 49.678969 74.242845 12.806248 94.847246 77.175126 32.557641 20.099751 50.039984 
26 72.801099 44.045431 98.081599 25.612497 77.794601 54.000000 36.055513 39.293765 53.665631 64.776539 87.863531 76.941536 62.513998 84.899941 74.966659 58.309519 74.323617 76.576759 60.000000 10.770330 53.814496 84.593144 27.202941 55.027266 76.157731 0.000000 54.405882 51.419841 70.455660 78.409183 86.833173 54.589376 35.383612 92.086915 60.000000 54.037024 34.000000 20.000000 12.806248 53.254108 46.518813 97.652445 71.693793 52.952809 58.821765 50.159745 96.104110 78.790862 
27 90.000000 88.836929 78.102497 28.844410 31.048349 96.602277 79.924965 42.426407 8.944272 29.732137 65.299311 24.331050 100.657836 39.293765 84.593144 14.142136 66.483081 83.186537 80.399005 49.517674 5.656854 45.650849 68.264193 87.931792 33.105891 54.405882 0.000000 20.880613 47.707442 41.617304 46.518813 93.230896 61.351447 60.000000 35.777088 74.672619 50.000000 40.000000 52.497619 2.000000 52.038447 95.078915 22.360680 90.620086 80.622577 36.496575 51.419841 69.856997 
28 70.256672 76.419893 59.464275 30.265492 26.832816 82.800966 67.882251 25.059928 12.165525 14.142136 46.861498 30.000000 85.088190 33.526109 64.124878 10.770330 45.694639 62.513998 61.611687 43.081318 26.000000 34.058773 56.639209 71.554175 24.738634 51.419841 20.880613 0.000000 28.284271 28.284271 36.000000 78.230429 46.043458 44.944410 15.620499 56.320511 34.409301 32.310989 44.721360 18.973666 32.984845 74.323617 22.627417 75.471849 62.096699 16.000000 44.721360 49.193496 
29 56.356011 80.498447 31.240999 55.461698 32.249031 83.761566 73.539105 32.062439 38.832976 18.973666 18.867962 44.045431 82.219219 32.310989 46.818800 34.000000 22.090722 43.680659 52.497619 60.133186 53.254108 22.803509 64.560050 68.117545 26.305893 70.455660 47.707442 28.284271 0.000000 17.888544 25.612497 77.201036 49.396356 22.360680 12.806248 49.517674 40.792156 50.635956 60.000000 46.043458 30.463092 49.030603 36.221541 74.404301 53.814496 20.396078 36.878178 24.083189 
30 74.242845 95.414884 39.395431 58.549125 16.492423 99.639350 87.817994 43.863424 34.000000 14.142136 27.202941 29.732137 98.994949 14.560220 64.621978 27.784888 39.293765 61.351447 70.000000 69.050706 47.201695 6.324555 77.820306 84.852814 10.770330 78.409183 41.617304 28.284271 17.888544 0.000000 8.944272 93.509358 63.812225 18.439089 19.697716 66.603303 53.665631 58.549125 69.856997 40.496913 45.607017 64.031242 23.323808 90.686272 71.217975 30.463092 20.000000 40.447497 
31 81.633327 104.307238 40.792156 66.121101 16.970563 108.406642 96.747093 52.801515 39.849718 22.090722 30.000000 30.000000 107.517440 10.770330 71.554175 33.526109 45.694639 68.029405 78.102497 77.665951 51.884487 2.828427 86.764048 93.380940 13.416408 86.833173 46.518813 36.000000 25.612497 8.944272 0.000000 102.176318 72.718636 17.088007 28.635642 74.966659 62.609903 67.082039 78.587531 45.694639 54.405882 68.264193 25.612497 99.357939 79.397733 39.395431 11.313708 46.173586 
32 36.221541 14.142136 89.844310 71.021124 102.176318 8.000000 18.973666 53.254108 87.658428 85.041167 85.906926 108.166538 8.000000 106.075445 46.043458 88.836929 64.621978 50.159745 28.635642 50.039984 95.519631 99.357939 28.000000 10.198039 97.672924 54.589376 93.230896 78.230429 77.201036 93.509358 102.176318 0.000000 32.249031 97.754795 74.966659 28.635642 43.908997 55.317267 46.043458 91.389277 48.083261 72.027772 100.439036 2.828427 26.683328 65.299311 113.454837 67.675697 
33 37.735925 31.622777 70.028566 42.190046 70.710678 36.878178 24.166092 21.260292 55.461698 53.814496 62.513998 76.026311 39.395431 75.286121 39.698866 56.603887 44.181444 41.617304 25.059928 26.076810 64.031242 69.971423 16.000000 26.683328 66.603303 35.383612 61.351447 46.043458 49.396356 63.812225 72.718636 32.249031 0.000000 71.470274 44.407207 18.867962 11.661904 26.305893 22.803509 59.464275 18.973666 63.529521 68.410526 29.529646 24.166092 34.058773 83.761566 48.373546 
34 72.249567 102.156742 24.083189 74.726167 33.286634 104.709121 95.519631 54.332311 52.153619 31.304952 15.231546 46.647615 102.078401 27.856777 61.220911 46.043458 35.383612 57.201399 71.217975 82.000000 65.604878 16.124515 86.833173 88.204308 28.425341 92.086915 60.000000 44.944410 22.360680 18.439089 17.088007 97.754795 71.470274 0.000000 32.249031 69.339743 63.150614 72.111026 82.097503 58.821765 52.497619 53.366656 41.231056 95.015788 72.801099 42.000000 24.083189 34.409301 
35 60.166436 76.026311 44.045431 43.081318 27.784888 80.721744 68.264193 24.166092 26.832816 10.770330 31.622777 36.878178 80.919713 31.112698 52.345009 22.803509 31.048349 50.039984 53.665631 50.159745 41.182521 26.000000 58.137767 66.843100 22.803509 60.000000 35.777088 15.620499 12.806248 19.697716 28.635642 74.966659 44.407207 32.249031 0.000000 49.396356 34.000000 40.000000 50.635956 34.000000 26.907248 59.464275 28.635642 72.138755 54.589376 10.770330 39.446166 34.176015 
36 18.867962 36.055513 61.611687 59.665736 77.175126 36.055513 32.557641 32.249031 67.468511 60.033324 57.271284 85.088190 32.802439 80.000000 22.360680 67.052218 36.055513 25.298221 6.324555 44.944410 78.230429 72.138755 30.528675 18.867962 72.111026 54.037024 74.672619 56.320511 49.517674 66.603303 74.966659 28.635642 18.867962 69.339743 49.396356 0.000000 26.305893 44.271887 41.617304 72.691127 23.409400 48.083261 76.967526 26.000000 6.000000 41.231056 86.278618 39.293765 
37 44.271887 42.520583 65.115282 33.526109 59.464275 48.414874 34.409301 10.000000 43.863424 42.801869 56.035703 64.404969 50.990195 64.404969 43.266615 44.944410 40.496913 44.045431 32.557641 23.323808 52.952809 59.933296 24.166092 37.947332 55.605755 34.000000 50.000000 34.409301 40.792156 53.665631 62.609903 43.908997 11.661904 63.150614 34.000000 26.305893 0.000000 18.867962 21.540659 48.083261 12.649111 64.031242 56.850682 41.182521 32.249031 23.323808 73.430239 44.944410 
38 62.769419 49.193496 79.120162 16.000000 59.093147 57.584720 40.249224 20.591260 36.878178 45.122057 68.410526 60.000000 63.150614 65.787537 62.128898 40.496913 56.603887 62.801274 50.596443 10.770330 41.182521 64.776539 28.635642 52.038447 56.920998 20.000000 40.000000 32.310989 50.635956 58.549125 67.082039 55.317267 26.305893 72.111026 40.000000 44.271887 18.867962 0.000000 12.806248 38.418745 29.732137 82.073138 53.851648 52.952809 50.000000 30.265492 76.655072 61.057350 
39 60.464866 37.947332 86.348133 26.000000 71.554175 47.074409 29.120440 28.071338 49.678969 56.920998 76.655072 72.801099 54.037024 78.000000 62.225397 53.254108 62.032250 63.780875 47.707442 4.000000 53.254108 76.157731 18.110770 44.721360 69.079664 12.806248 52.497619 44.721360 60.000000 69.856997 78.587531 46.043458 22.803509 82.097503 50.635956 41.617304 21.540659 12.806248 0.000000 50.990195 34.176015 84.876381 66.573268 44.000000 46.647615 40.199502 88.543774 66.483081 
40 88.000000 87.132084 76.576759 27.784888 30.594117 94.826157 78.230429 40.447497 7.211103 28.284271 63.780875 24.738634 98.792712 38.832976 82.607506 12.806248 64.621978 81.215762 78.409183 48.083261 7.211103 44.721360 66.573268 86.023253 32.310989 53.254108 2.000000 18.973666 46.043458 40.496913 45.694639 91.389277 59.464275 58.821765 34.000000 72.691127 48.083261 38.418745 50.990195 0.000000 50.039984 93.230896 22.090722 88.769364 78.638413 34.525353 50.990195 68.029405 
41 38.052595 50.119856 52.611786 42.190046 54.405882 54.037024 43.081318 10.770330 44.407207 37.202150 44.045431 61.741396 54.037024 58.000000 34.176015 43.680659 27.856777 34.000000 28.635642 35.777088 56.035703 51.613952 34.525353 40.000000 49.678969 46.518813 52.038447 32.984845 30.463092 45.607017 54.405882 48.083261 18.973666 52.497619 26.907248 23.409400 12.649111 29.732137 34.176015 50.039984 0.000000 52.345009 53.665631 45.254834 29.120440 17.888544 65.604878 32.310989 
42 36.055513 82.873397 31.304952 93.722996 80.224684 80.024996 80.523289 62.289646 86.162637 67.911707 38.470768 92.779308 72.249567 78.025637 26.305893 82.219219 28.635642 22.803509 44.721360 87.200917 100.319490 66.121101 78.000000 62.128898 74.242845 97.652445 95.078915 74.323617 49.030603 64.031242 68.264193 72.027772 63.529521 53.366656 59.464275 48.083261 64.031242 82.073138 84.876381 93.230896 52.345009 0.000000 85.158675 70.114193 46.690470 60.033324 77.278716 25.298221 
43 88.769364 99.035347 62.609903 47.539457 8.944272 105.261579 90.509668 47.201695 18.439089 18.110770 50.159745 8.246211 107.070071 17.088007 80.894994 13.416408 58.034473 78.409183 81.706793 64.498062 27.202941 25.455844 79.246451 93.295230 12.806248 71.693793 22.360680 22.627417 36.221541 23.323808 25.612497 100.439036 68.410526 41.231056 28.635642 76.967526 56.850682 53.851648 66.573268 22.090722 53.665631 85.158675 0.000000 97.652445 82.462113 35.777088 29.120440 60.299254 
44 34.525353 14.422205 87.361319 68.731361 99.357939 10.198039 17.888544 50.477718 84.970583 82.219219 83.258633 105.394497 10.198039 103.247276 44.000000 86.092973 62.032250 48.041649 26.305893 48.000000 92.973114 96.540147 26.076810 8.000000 94.847246 52.952809 90.620086 75.471849 74.404301 90.686272 99.357939 2.828427 29.529646 95.015788 72.138755 26.000000 41.182521 52.952809 44.000000 88.769364 45.254834 70.114193 97.652445 0.000000 24.331050 62.481997 110.634533 65.145990 
45 14.142136 36.221541 63.245553 65.513357 82.365041 34.525353 34.176015 38.209946 73.348483 65.299311 60.033324 90.620086 29.529646 84.876381 20.396078 72.801099 38.470768 24.083189 2.000000 50.119856 84.214013 76.576759 34.058773 16.492423 77.175126 58.821765 80.622577 62.096699 53.814496 71.217975 79.397733 26.683328 24.166092 72.801099 54.589376 6.000000 32.249031 50.000000 46.647615 78.638413 29.120440 46.690470 82.462113 24.331050 0.000000 46.818800 90.686272 41.231056 
46 54.332311 65.604878 50.119856 36.055513 36.878178 70.710678 57.688820 13.416408 28.071338 19.798990 38.626416 43.863424 71.610055 41.231056 48.166378 26.305893 31.622777 46.690470 46.173586 40.000000 41.231056 36.769553 47.413078 57.688820 32.557641 50.159745 36.496575 16.000000 20.396078 30.463092 39.395431 65.299311 34.058773 42.000000 10.770330 41.231056 23.323808 30.265492 40.199502 34.525353 17.888544 60.033324 35.777088 62.481997 46.818800 0.000000 50.119856 35.608988 
47 92.649879 115.377641 48.000000 74.108029 20.396078 119.632771 107.703296 63.529521 46.173586 31.622777 38.832976 30.528675 118.827606 12.165525 82.365041 40.049969 56.356011 78.714675 89.375612 87.361319 56.320511 14.142136 97.529483 104.690019 20.099751 96.104110 51.419841 44.721360 36.878178 20.000000 11.313708 113.454837 83.761566 24.083189 39.446166 86.278618 73.430239 76.655072 88.543774 50.990195 65.604878 77.278716 29.120440 110.634533 90.686272 50.119856 0.000000 56.462377 
48 38.209946 74.966659 22.360680 70.767224 56.035703 75.286121 70.114193 40.496913 60.926185 42.755117 19.798990 68.117545 70.682388 54.918121 26.907248 56.920998 4.472136 22.803509 39.395431 68.029405 75.153177 43.680659 64.280635 57.584720 50.039984 78.790862 69.856997 49.193496 24.083189 40.447497 46.173586 67.675697 48.373546 34.409301 34.176015 39.293765 44.944410 61.057350 66.483081 68.029405 32.310989 25.298221 60.299254 65.145990 41.231056 35.608988 56.462377 0.000000 
;

param qq := 100;

param d :=
1 0
2 20
3 14
4 5
5 11
6 22
7 25
8 2
9 18
10 10
11 26
12 14
13 22
14 9
15 11
16 18
17 24
18 15
19 23
20 16
21 14
22 8
23 5
24 12
25 8
26 16
27 12
28 15
29 9
30 2
31 10
32 2
33 3
34 20
35 3
36 13
37 25
38 23
39 8
40 16
41 9
42 14
43 4
44 13
45 7
46 16
47 18
48 16
;