#

param c:
    1  2  3  4  5  6  7  8  9 10 11 12 13 14 15 16 17 18 19 20 21 22 23 24 25 26 27 28 29 30 31 32 33 34 35 36 37 38 39 40 41 42 43 44 45 46 47 48 49 50 51 52 53 54 :=
 1 0.000000 53.665631 68.117545 88.814413 10.000000 27.856777 36.055513 31.622777 88.588938 82.389320 38.832976 63.150614 71.217975 58.240879 62.481997 33.526109 19.697716 60.166436 28.071338 87.658428 25.612497 93.145048 89.822046 24.413111 71.021124 54.037024 67.052218 64.404969 22.360680 34.000000 12.165525 96.664368 37.735925 86.579443 31.048349 29.120440 51.613952 80.000000 70.114193 37.202150 95.414884 48.083261 62.769419 6.000000 78.025637 68.352030 51.884487 60.530984 98.407317 35.383612 39.446166 62.609903 11.661904 80.622577 
 2 53.665631 0.000000 68.117545 53.814496 44.944410 38.052595 38.626416 30.066593 72.498276 37.576588 18.867962 38.626416 68.468971 40.792156 64.000000 21.260292 43.863424 12.806248 46.173586 70.682388 29.120440 42.000000 58.000000 29.732137 84.593144 90.553851 16.492423 62.128898 38.209946 19.697716 61.611687 75.471849 46.818800 40.496913 67.201190 25.612497 8.485281 73.756356 29.732137 26.683328 82.462113 77.820306 79.624117 48.373546 39.698866 16.000000 74.000000 93.037627 89.196412 22.000000 29.732137 82.462113 54.037024 46.690470 
 3 68.117545 68.117545 0.000000 48.166378 69.426220 81.633327 36.715120 77.820306 26.076810 60.033324 53.851648 33.526109 4.000000 28.284271 5.656854 57.584720 49.517674 60.299254 87.658428 26.305893 68.000000 77.897368 44.407207 66.241981 21.260292 50.990195 65.115282 6.000000 76.550637 63.906181 62.769419 36.221541 31.240999 63.812225 46.173586 57.271284 74.672619 12.649111 51.264022 79.849859 29.120440 38.052595 22.360680 63.655322 49.396356 69.050706 28.071338 46.818800 30.528675 72.801099 84.308956 26.832816 57.201399 44.045431 
 4 88.814413 53.814496 48.166378 0.000000 84.403791 86.764048 54.000000 79.649231 31.622777 20.880613 53.851648 26.000000 45.254834 32.249031 48.826222 60.166436 70.114193 41.036569 94.847246 29.732137 73.539105 36.055513 6.000000 72.801099 69.310894 95.707889 40.000000 44.407207 84.308956 64.404969 90.000000 28.000000 56.568542 22.090722 82.000000 63.245553 62.289646 43.266615 24.083189 78.230429 40.792156 81.437092 70.000000 82.873397 14.142136 43.266615 72.470684 93.295230 49.030603 71.693793 82.097503 74.404301 82.024387 8.246211 
 5 10.000000 44.944410 69.426220 84.403791 0.000000 18.439089 34.409301 21.633308 87.658428 76.000000 32.000000 59.464275 72.138755 55.461698 63.780875 26.076810 20.000000 52.611786 20.396078 86.533231 16.124515 85.510233 86.023253 15.231546 75.153177 62.128898 59.228372 65.053824 12.649111 25.298221 21.540659 95.015788 38.209946 80.024996 38.052595 22.000000 42.190046 80.622577 64.124878 27.202941 95.268043 54.589376 67.230945 8.000000 72.691127 60.166436 56.920998 68.029405 99.035347 25.612497 29.529646 67.675697 18.000000 76.157731 
 6 27.856777 38.052595 81.633327 86.764048 18.439089 0.000000 44.944410 8.000000 96.166522 74.215901 33.286634 64.404969 83.761566 62.289646 76.157731 27.202941 34.928498 49.030603 8.246211 94.762862 14.142136 80.024996 89.554453 15.620499 90.443352 80.399005 54.332311 76.550637 6.000000 22.360680 39.849718 102.176318 50.990195 77.665951 56.035703 25.455844 32.249031 91.607860 63.906181 12.649111 104.804580 72.111026 82.969874 26.305893 73.539105 54.037024 73.348483 86.023253 109.635761 16.124515 12.806248 83.952367 36.221541 78.714675 
 7 36.055513 38.626416 36.715120 54.000000 34.409301 44.944410 0.000000 41.231056 53.254108 52.000000 20.396078 28.000000 38.832976 22.360680 31.304952 22.090722 16.492423 36.878178 51.224994 52.153619 31.304952 66.573268 54.332311 29.529646 48.166378 52.801515 43.863424 31.622777 40.000000 28.284271 36.000000 60.827625 8.246211 56.462377 31.622777 20.880613 42.755117 46.861498 39.395431 43.680659 60.959003 39.446166 42.047592 30.463092 45.122057 46.861498 35.440090 54.589376 65.115282 36.878178 48.083261 44.407207 28.071338 46.043458 
 8 31.622777 30.066593 77.820306 79.649231 21.633308 8.000000 41.231056 0.000000 90.686272 66.483081 26.907248 58.137767 79.649231 56.639209 72.498276 21.260292 34.000000 41.231056 16.124515 89.196412 10.198039 72.027772 82.680106 12.165525 88.294960 81.584312 46.389654 72.470684 10.000000 15.620499 42.941821 96.208108 48.083261 69.856997 56.885851 20.591260 24.331050 87.132084 56.462377 5.656854 99.639350 72.111026 81.215762 28.635642 66.211781 46.043458 72.249567 86.579443 104.861814 8.246211 8.246211 82.607506 37.947332 71.693793 
 9 88.588938 72.498276 26.076810 31.622777 87.658428 96.166522 53.254108 90.686272 0.000000 50.159745 64.031242 34.000000 22.090722 34.058773 30.066593 69.426220 68.963759 61.351447 103.324731 2.000000 82.024387 67.082039 26.000000 80.622577 43.863424 76.941536 63.560994 26.305893 92.021737 75.286121 85.440037 10.198039 50.990195 52.611786 71.021124 70.710678 80.498447 15.231546 46.690470 91.214034 10.198039 64.124878 47.539457 83.354664 40.000000 67.468511 54.147945 72.277244 18.000000 84.023806 95.603347 51.923020 78.790862 32.062439 
10 82.389320 37.576588 60.033324 20.880613 76.000000 74.215901 52.000000 66.483081 50.159745 0.000000 44.000000 28.284271 58.137767 35.383612 58.821765 50.039984 65.969690 25.298221 82.462113 48.166378 62.513998 17.888544 26.683328 62.289646 80.993827 101.212647 21.633308 54.918121 72.993150 52.611786 86.348133 48.373546 57.306195 4.472136 83.186537 54.000000 45.650849 58.821765 12.649111 63.906181 60.033324 86.833173 79.649231 76.419893 10.770330 24.083189 79.246451 100.498756 68.117545 58.240879 67.230945 83.737686 78.102497 18.110770 
11 38.832976 18.867962 53.851648 53.851648 32.000000 33.286634 20.396078 26.907248 64.031242 44.000000 0.000000 31.240999 55.027266 30.000000 49.030603 6.324555 25.612497 21.540659 41.182521 62.481997 19.697716 54.405882 56.356011 18.973666 68.000000 71.693793 28.635642 48.083261 30.463092 11.313708 44.721360 69.310894 28.635642 48.041649 48.414874 10.000000 22.360680 61.741396 32.249031 27.202941 73.239334 59.093147 62.289646 32.984845 41.231056 30.528675 55.785303 74.323617 78.892332 20.000000 31.622777 64.776539 36.715120 45.694639 
12 63.150614 38.626416 33.526109 26.000000 59.464275 64.404969 28.000000 58.137767 34.000000 28.284271 31.240999 0.000000 32.557641 7.211103 31.304952 37.202150 44.181444 28.284271 72.111026 32.249031 50.477718 45.607017 26.683328 49.396356 53.665631 73.239334 32.062439 27.856777 61.057350 42.520583 64.000000 38.209946 31.048349 32.557641 56.920998 39.446166 46.518813 36.055513 17.888544 58.000000 43.863424 58.821765 51.613952 57.271284 18.867962 36.055513 50.990195 72.249567 50.596443 50.911688 62.289646 55.605755 56.035703 18.110770 
13 71.217975 68.468971 4.000000 45.254834 72.138755 83.761566 38.832976 79.649231 22.090722 58.137767 55.027266 32.557641 0.000000 28.000000 8.944272 59.093147 52.345009 60.033324 90.000000 22.360680 69.971423 76.026311 41.231056 68.264193 24.083189 54.918121 64.498062 7.211103 78.816242 65.391131 66.241981 32.249031 33.941125 61.773781 50.000000 59.059292 75.312682 8.944272 50.000000 81.437092 25.298221 42.047592 26.000000 66.603303 47.413078 68.468971 32.062439 50.596443 27.202941 74.323617 85.906926 30.463092 60.464866 41.617304 
14 58.240879 40.792156 28.284271 32.249031 55.461698 62.289646 22.360680 56.639209 34.058773 35.383612 30.000000 7.211103 28.000000 0.000000 25.298221 35.383612 38.832976 32.062439 69.656299 32.557641 48.166378 52.497619 32.062439 46.861498 47.539457 66.030296 36.878178 22.360680 58.412327 41.231056 58.137767 40.000000 24.331050 39.698866 50.000000 36.878178 48.083261 32.984845 24.413111 57.201399 43.266615 51.613952 44.944410 52.497619 26.076810 40.792156 43.863424 65.115282 49.193496 50.000000 61.611687 48.826222 50.358713 24.738634 
15 62.481997 64.000000 5.656854 48.826222 63.780875 76.157731 31.304952 72.498276 30.066593 58.821765 49.030603 31.304952 8.944272 25.298221 0.000000 52.497619 43.863424 56.885851 82.097503 30.000000 62.609903 76.550637 45.650849 60.827625 22.360680 48.083261 62.096699 4.472136 71.021124 58.821765 57.306195 40.000000 25.612497 62.801274 41.231056 52.000000 70.256672 17.888544 49.193496 74.672619 34.176015 34.525353 21.260292 58.000000 48.414874 65.969690 24.738634 44.721360 36.055513 67.675697 79.120162 25.612497 51.613952 43.863424 
16 33.526109 21.260292 57.584720 60.166436 26.076810 27.202941 22.090722 21.260292 69.426220 50.039984 6.324555 37.202150 59.093147 35.383612 52.497619 0.000000 22.803509 26.683328 34.985711 67.941151 13.416408 59.665736 62.609903 12.649111 70.256672 70.682388 33.526109 52.000000 24.166092 6.324555 40.496913 75.073298 30.000000 54.000000 46.647615 4.472136 22.360680 66.241981 38.470768 22.360680 78.409183 58.821765 64.000000 27.856777 47.539457 34.928498 56.568542 74.000000 83.761566 15.231546 26.832816 66.121101 32.802439 52.000000 
17 19.697716 43.863424 49.517674 70.114193 20.000000 34.928498 16.492423 34.000000 68.963759 65.969690 25.612497 44.181444 52.345009 38.832976 43.863424 22.803509 0.000000 46.647615 39.395431 68.000000 24.083189 78.790862 70.710678 22.090722 55.713553 48.703183 53.851648 45.343136 29.120440 26.832816 20.396078 76.967526 18.439089 70.342022 24.166092 18.867962 44.944410 60.959003 53.366656 38.209946 76.026311 38.209946 48.083261 14.422205 60.299254 56.035703 38.470768 52.952809 79.397733 32.984845 42.047592 49.030603 12.165525 62.032250 
18 60.166436 12.806248 60.299254 41.036569 52.611786 49.030603 36.878178 41.231056 61.351447 25.298221 21.540659 28.284271 60.033324 32.062439 56.885851 26.683328 46.647615 0.000000 57.271284 59.464275 38.000000 32.984845 45.343136 38.052595 78.587531 89.643739 7.211103 54.332311 48.166378 28.000000 66.211781 63.529521 44.407207 28.635642 67.941151 31.048349 21.260292 64.280635 16.970563 38.626416 71.470274 76.026311 74.672619 54.405882 26.907248 10.000000 70.710678 90.972523 78.587531 32.984845 42.047592 78.000000 58.137767 34.058773 
19 28.071338 46.173586 87.658428 94.847246 20.396078 8.246211 51.224994 16.124515 103.324731 82.462113 41.182521 72.111026 90.000000 69.656299 82.097503 34.985711 39.395431 57.271284 0.000000 101.980390 21.633308 88.090862 97.529483 22.803509 95.078915 82.000000 62.513998 82.800966 11.313708 30.463092 40.199502 109.635761 56.603887 85.906926 58.309519 32.802439 40.049969 98.081599 72.111026 20.099751 111.731822 74.966659 87.315520 28.284271 81.706793 62.128898 77.201036 88.204308 116.275535 24.331050 18.973666 87.931792 38.209946 86.764048 
20 87.658428 70.682388 26.305893 29.732137 86.533231 94.762862 52.153619 89.196412 2.000000 48.166378 62.481997 32.249031 22.360680 32.557641 30.000000 67.941151 68.000000 59.464275 101.980390 0.000000 80.622577 65.115282 24.166092 79.246451 44.721360 77.278716 61.611687 26.076810 90.686272 73.756356 84.758480 10.000000 50.159745 50.635956 70.710678 69.310894 78.714675 16.124515 44.721360 89.643739 12.165525 64.280635 48.083261 82.365041 38.000000 65.513357 54.332311 72.801099 20.000000 82.462113 94.021274 52.497619 78.000000 30.066593 
21 25.612497 29.120440 68.000000 73.539105 16.124515 14.142136 31.304952 10.198039 82.024387 62.513998 19.697716 50.477718 69.971423 48.166378 62.609903 13.416408 24.083189 38.000000 21.633308 80.622577 0.000000 70.455660 76.026311 2.000000 78.102497 72.277244 44.181444 62.769419 10.770330 10.000000 35.608988 88.090862 37.947332 66.272166 47.539457 11.313708 26.076810 77.665951 51.419841 14.142136 90.686272 62.289646 71.021124 21.260292 60.728906 44.721360 62.128898 76.941536 95.603347 10.000000 18.000000 72.443081 29.529646 65.391131 
22 93.145048 42.000000 77.897368 36.055513 85.510233 80.024996 66.573268 72.027772 67.082039 17.888544 54.405882 45.607017 76.026311 52.497619 76.550637 59.665736 78.790862 32.984845 88.090862 65.115282 70.455660 0.000000 42.047592 70.710678 98.792712 117.592517 26.305893 72.718636 80.099938 60.530984 98.792712 64.031242 72.801099 14.560220 98.183502 64.031242 48.373546 76.550637 28.284271 68.264193 76.655072 103.324731 97.200823 87.361319 28.635642 26.000000 96.208108 117.388245 84.852814 64.000000 70.710678 101.212647 90.620086 35.440090 
23 89.822046 58.000000 44.407207 6.000000 86.023253 89.554453 54.332311 82.680106 26.000000 26.683328 56.356011 26.683328 41.231056 32.062439 45.650849 62.609903 70.710678 45.343136 97.529483 24.166092 76.026311 42.047592 0.000000 75.153177 65.299311 93.230896 44.944410 41.182521 86.764048 67.230945 90.199778 22.000000 56.035703 28.071338 80.894994 65.391131 66.483081 38.418745 28.425341 81.608823 34.928498 79.120162 66.573268 83.952367 18.867962 48.373546 69.856997 90.354856 43.174066 74.886581 85.603738 71.021124 82.389320 11.313708 
24 24.413111 29.732137 66.241981 72.801099 15.231546 15.620499 29.529646 12.165525 80.622577 62.289646 18.973666 49.396356 68.264193 46.861498 60.827625 12.649111 22.090722 38.052595 22.803509 79.246451 2.000000 70.710678 75.153177 0.000000 76.157731 70.342022 44.407207 61.057350 11.661904 10.198039 34.058773 86.833173 36.055513 66.121101 45.607017 10.000000 27.202941 76.026311 50.990195 16.124515 89.196412 60.299254 69.050706 19.798990 60.166436 45.122057 60.133186 74.966659 94.021274 11.661904 20.000000 70.455660 27.784888 64.621978 
25 71.021124 84.593144 21.260292 69.310894 75.153177 90.443352 48.166378 88.294960 43.863424 80.993827 68.000000 53.665631 24.083189 47.539457 22.360680 70.256672 55.713553 78.587531 95.078915 44.721360 78.102497 98.792712 65.299311 76.157731 0.000000 36.496575 84.118963 26.076810 84.758480 76.419893 62.481997 53.851648 40.447497 84.876381 42.426407 68.731361 90.088845 28.635642 71.554175 91.411159 42.755117 27.784888 8.485281 68.000000 70.455660 87.931792 19.798990 30.000000 40.000000 84.852814 95.707889 10.770330 59.363288 65.299311 
26 54.037024 90.553851 50.990195 95.707889 62.128898 80.399005 52.801515 81.584312 76.941536 101.212647 71.693793 73.239334 54.918121 66.030296 48.083261 70.682388 48.703183 89.643739 82.000000 77.278716 72.277244 117.592517 93.230896 70.342022 36.496575 0.000000 96.540147 52.497619 74.431176 75.392307 42.190046 87.132084 45.343136 105.603030 24.738634 67.230945 93.037627 62.289646 89.375612 86.348133 78.025637 14.422205 30.000000 54.147945 92.086915 99.639350 23.409400 8.485281 76.236474 81.608823 89.822046 26.076810 44.181444 89.554453 
27 67.052218 16.492423 65.115282 40.000000 59.228372 54.332311 43.863424 46.389654 63.560994 21.633308 28.635642 32.062439 64.498062 36.878178 62.096699 33.526109 53.851648 7.211103 62.513998 61.611687 44.181444 26.305893 44.944410 44.407207 84.118963 96.540147 0.000000 59.228372 54.000000 34.234486 73.348483 64.621978 51.224994 24.166092 75.073298 37.947332 24.166092 68.000000 17.088007 43.174066 73.756356 82.800966 80.622577 61.351447 26.076810 4.000000 77.175126 97.652445 81.215762 38.209946 46.173586 84.095184 65.299311 34.000000 
28 64.404969 62.128898 6.000000 44.407207 65.053824 76.550637 31.622777 72.470684 26.305893 54.918121 48.083261 27.856777 7.211103 22.360680 4.472136 52.000000 45.343136 54.332311 82.800966 26.076810 62.769419 72.718636 41.182521 61.057350 26.076810 52.497619 59.228372 0.000000 71.610055 58.309519 59.933296 36.055513 26.907248 58.821765 44.721360 51.884487 68.731361 15.620499 45.694639 74.323617 31.304952 38.832976 25.612497 59.665736 44.407207 63.150614 29.120440 49.193496 34.058773 67.230945 78.790862 30.000000 53.851648 39.597980 
29 22.360680 38.209946 76.550637 84.308956 12.649111 6.000000 40.000000 10.000000 92.021737 72.993150 30.463092 61.057350 78.816242 58.412327 71.021124 24.166092 29.120440 48.166378 11.313708 90.686272 10.770330 80.099938 86.764048 11.661904 84.758480 74.431176 54.000000 71.610055 0.000000 20.396078 34.176015 98.407317 45.650849 76.655072 50.039984 21.633308 33.526109 86.833173 62.096699 15.620499 100.419122 66.121101 77.201036 20.396078 71.470274 54.147945 67.468511 80.024996 104.995238 16.492423 17.204651 78.102497 30.265492 76.157731 
30 34.000000 19.697716 63.906181 64.404969 25.298221 22.360680 28.284271 15.620499 75.286121 52.611786 11.313708 42.520583 65.391131 41.231056 58.821765 6.324555 26.832816 28.000000 30.463092 73.756356 10.000000 60.530984 67.230945 10.198039 76.419893 75.392307 34.234486 58.309519 20.396078 0.000000 42.520583 80.622577 36.055513 56.320511 50.990195 8.246211 18.439089 72.470684 41.761226 16.124515 84.403791 64.031242 70.028566 28.844410 51.264022 34.928498 62.289646 79.120162 89.888820 8.944272 20.591260 72.027772 35.383612 56.356011 
31 12.165525 61.611687 62.769419 90.000000 21.540659 39.849718 36.000000 42.941821 85.440037 86.348133 44.721360 64.000000 66.241981 58.137767 57.306195 40.496913 20.396078 66.211781 40.199502 84.758480 35.608988 98.792712 90.199778 34.058773 62.481997 42.190046 73.348483 59.933296 34.176015 42.520583 0.000000 94.254973 34.928498 90.708324 20.591260 36.055513 60.827625 75.179785 73.756356 48.373546 91.235958 37.576588 54.037024 14.422205 80.622577 75.179785 42.801869 49.030603 93.295230 45.607017 50.990195 53.254108 8.246211 82.024387 
32 96.664368 75.471849 36.221541 28.000000 95.015788 102.176318 60.827625 96.208108 10.198039 48.373546 69.310894 38.209946 32.249031 40.000000 40.000000 75.073298 76.967526 63.529521 109.635761 10.000000 88.090862 64.031242 22.000000 86.833173 53.851648 87.132084 64.621978 36.055513 98.407317 80.622577 94.254973 0.000000 59.464275 50.039984 80.622577 76.837491 83.761566 25.298221 47.539457 96.208108 14.422205 74.242845 57.723479 91.235958 39.293765 68.352030 64.280635 82.462113 22.360680 89.106678 100.498756 62.096699 87.315520 31.048349 
33 37.735925 46.818800 31.240999 56.568542 38.209946 50.990195 8.246211 48.083261 50.990195 57.306195 28.635642 31.048349 33.941125 24.331050 25.612497 30.000000 18.439089 44.407207 56.603887 50.159745 37.947332 72.801099 56.035703 36.055513 40.447497 45.343136 51.224994 26.907248 45.650849 36.055513 34.928498 59.464275 0.000000 61.773781 26.000000 28.284271 50.990195 42.520583 44.944410 50.990195 57.688820 31.622777 34.000000 32.802439 49.396356 54.405882 27.202941 46.647615 60.959003 44.407207 55.317267 36.221541 27.856777 49.030603 
34 86.579443 40.496913 63.812225 22.090722 80.024996 77.665951 56.462377 69.856997 52.611786 4.472136 48.041649 32.557641 61.773781 39.698866 62.801274 54.000000 70.342022 28.635642 85.906926 50.635956 66.272166 14.560220 28.071338 66.121101 84.876381 105.603030 24.166092 58.821765 76.655072 56.320511 90.708324 50.039984 61.773781 0.000000 87.658428 58.034473 48.332184 62.032250 17.088007 67.052218 62.289646 91.214034 83.737686 80.622577 14.422205 26.076810 83.546394 104.804580 70.455660 61.611687 70.228199 87.863531 82.462113 20.880613 
35 31.048349 67.201190 46.173586 82.000000 38.052595 56.035703 31.622777 56.885851 71.021124 83.186537 48.414874 56.920998 50.000000 50.000000 41.231056 46.647615 24.166092 67.941151 58.309519 70.710678 47.539457 98.183502 80.894994 45.607017 42.426407 24.738634 75.073298 44.721360 50.039984 50.990195 20.591260 80.622577 26.000000 87.658428 0.000000 42.941821 68.963759 58.821765 70.710678 61.611687 75.286121 17.088007 33.941125 30.066593 75.392307 77.794601 22.627417 30.000000 76.157731 56.920998 65.115282 32.802439 20.099751 74.726167 
36 29.120440 25.612497 57.271284 63.245553 22.000000 25.455844 20.880613 20.591260 70.710678 54.000000 10.000000 39.446166 59.059292 36.878178 52.000000 4.472136 18.867962 31.048349 32.802439 69.310894 11.313708 64.031242 65.391131 10.000000 68.731361 67.230945 37.947332 51.884487 21.633308 8.246211 36.055513 76.837491 28.284271 58.034473 42.941821 0.000000 26.076810 66.573268 42.190046 22.803509 79.397733 55.785303 62.128898 23.409400 50.990195 39.395431 54.147945 70.880181 84.403791 16.124515 27.202941 64.000000 28.425341 55.027266 
37 51.613952 8.485281 74.672619 62.289646 42.190046 32.249031 42.755117 24.331050 80.498447 45.650849 22.360680 46.518813 75.312682 48.083261 70.256672 22.360680 44.944410 21.260292 40.049969 78.714675 26.076810 48.373546 66.483081 27.202941 90.088845 93.037627 24.166092 68.731361 33.526109 18.439089 60.827625 83.761566 50.990195 48.332184 68.963759 26.076810 0.000000 81.043198 38.209946 20.000000 90.376988 80.993827 84.593144 46.861498 48.166378 22.803509 78.102497 96.208108 96.932967 17.088007 22.360680 87.132084 53.814496 55.172457 
38 80.000000 73.756356 12.649111 43.266615 80.622577 91.607860 46.861498 87.132084 15.231546 58.821765 61.741396 36.055513 8.944272 32.984845 17.888544 66.241981 60.959003 64.280635 98.081599 16.124515 77.665951 76.550637 38.418745 76.026311 28.635642 62.289646 68.000000 15.620499 86.833173 72.470684 75.179785 25.298221 42.520583 62.032250 58.821765 66.573268 81.043198 0.000000 52.345009 88.588938 16.492423 50.039984 32.557641 75.286121 48.083261 72.000000 40.049969 57.271284 18.439089 81.412530 93.059121 36.878178 69.339743 41.231056 
39 70.114193 29.732137 51.264022 24.083189 64.124878 63.906181 39.395431 56.462377 46.690470 12.649111 32.249031 17.888544 50.000000 24.413111 49.193496 38.470768 53.366656 16.970563 72.111026 44.721360 51.419841 28.284271 28.425341 50.990195 71.554175 89.375612 17.088007 45.694639 62.096699 41.761226 73.756356 47.539457 44.944410 17.088007 70.710678 42.190046 38.209946 52.345009 0.000000 54.589376 56.885851 75.073298 69.339743 64.124878 10.000000 20.880613 67.941151 89.106678 64.498062 48.332184 58.309519 73.239334 65.513357 17.204651 
40 37.202150 26.683328 79.849859 78.230429 27.202941 12.649111 43.680659 5.656854 91.214034 63.906181 27.202941 58.000000 81.437092 57.201399 74.672619 22.360680 38.209946 38.626416 20.099751 89.643739 14.142136 68.264193 81.608823 16.124515 91.411159 86.348133 43.174066 74.323617 15.620499 16.124515 48.373546 96.208108 50.990195 67.052218 61.611687 22.803509 20.000000 88.588938 54.589376 0.000000 100.439036 76.419893 84.593144 34.000000 64.498062 42.426407 76.026311 91.082380 106.000000 7.211103 4.472136 86.209048 43.081318 70.455660 
41 95.414884 82.462113 29.120440 40.792156 95.268043 104.804580 60.959003 99.639350 10.198039 60.033324 73.239334 43.863424 25.298221 43.266615 34.176015 78.409183 76.026311 71.470274 111.731822 12.165525 90.686272 76.655072 34.928498 89.196412 42.755117 78.025637 73.756356 31.304952 100.419122 84.403791 91.235958 14.422205 57.688820 62.289646 75.286121 79.397733 90.376988 16.492423 56.885851 100.439036 0.000000 66.272166 48.041649 90.443352 50.039984 77.665951 56.320511 72.443081 8.246211 93.230896 104.861814 52.153619 85.088190 42.000000 
42 48.083261 77.820306 38.052595 81.437092 54.589376 72.111026 39.446166 72.111026 64.124878 86.833173 59.093147 58.821765 42.047592 51.613952 34.525353 58.821765 38.209946 76.026311 74.966659 64.280635 62.289646 103.324731 79.120162 60.299254 27.784888 14.422205 82.800966 38.832976 66.121101 64.031242 37.576588 74.242845 31.622777 91.214034 17.088007 55.785303 80.993827 50.039984 75.073298 76.419893 66.272166 0.000000 19.697716 46.690470 77.665951 86.023253 10.000000 15.231546 65.513357 71.021124 80.224684 17.204651 36.878178 75.179785 
43 62.769419 79.624117 22.360680 70.000000 67.230945 82.969874 42.047592 81.215762 47.539457 79.649231 62.289646 51.613952 26.000000 44.944410 21.260292 64.000000 48.083261 74.672619 87.315520 48.083261 71.021124 97.200823 66.573268 69.050706 8.485281 30.000000 80.622577 25.612497 77.201036 70.028566 54.037024 57.723479 34.000000 83.737686 33.941125 62.128898 84.593144 32.557641 69.339743 84.593144 48.041649 19.697716 0.000000 59.933296 69.426220 84.308956 11.313708 24.738634 46.389654 78.230429 88.814413 4.472136 51.107729 65.115282 
44 6.000000 48.373546 63.655322 82.873397 8.000000 26.305893 30.463092 28.635642 83.354664 76.419893 32.984845 57.271284 66.603303 52.497619 58.000000 27.856777 14.422205 54.405882 28.284271 82.365041 21.260292 87.361319 83.952367 19.798990 68.000000 54.147945 61.351447 59.665736 20.396078 28.844410 14.422205 91.235958 32.802439 80.622577 30.066593 23.409400 46.861498 75.286121 64.124878 34.000000 90.443352 46.690470 59.933296 0.000000 72.027772 62.769419 49.396356 60.033324 93.722996 31.240999 36.769553 60.166436 10.000000 74.672619 
45 78.025637 39.698866 49.396356 14.142136 72.691127 73.539105 45.122057 66.211781 40.000000 10.770330 41.231056 18.867962 47.413078 26.076810 48.414874 47.539457 60.299254 26.907248 81.706793 38.000000 60.728906 28.635642 18.867962 60.166436 70.455660 92.086915 26.076810 44.407207 71.470274 51.264022 80.622577 39.293765 49.396356 14.422205 75.392307 50.990195 48.166378 48.083261 10.000000 64.498062 50.039984 77.665951 69.426220 72.027772 0.000000 29.529646 69.656299 90.906545 58.000000 58.137767 68.264193 73.593478 72.443081 8.246211 
46 68.352030 16.000000 69.050706 43.266615 60.166436 54.037024 46.861498 46.043458 67.468511 24.083189 30.528675 36.055513 68.468971 40.792156 65.969690 34.928498 56.035703 10.000000 62.128898 65.513357 44.721360 26.000000 48.373546 45.122057 87.931792 99.639350 4.000000 63.150614 54.147945 34.928498 75.179785 68.352030 54.405882 26.076810 77.794601 39.395431 22.803509 72.000000 20.880613 42.426407 77.665951 86.023253 84.308956 62.769419 29.529646 0.000000 80.622577 100.955436 85.158675 38.000000 45.122057 87.726849 67.230945 37.576588 
47 51.884487 74.000000 28.071338 72.470684 56.920998 73.348483 35.440090 72.249567 54.147945 79.246451 55.785303 50.990195 32.062439 43.863424 24.738634 56.568542 38.470768 70.710678 77.201036 54.332311 62.128898 96.208108 69.856997 60.133186 19.798990 23.409400 77.175126 29.120440 67.468511 62.289646 42.801869 64.280635 27.202941 83.546394 22.627417 54.147945 78.102497 40.049969 67.941151 76.026311 56.320511 10.000000 11.313708 49.396356 69.656299 80.622577 0.000000 21.260292 55.785303 70.028566 80.099938 10.770330 40.249224 66.573268 
48 60.530984 93.037627 46.818800 93.295230 68.029405 86.023253 54.589376 86.579443 72.277244 100.498756 74.323617 72.249567 50.596443 65.115282 44.721360 74.000000 52.952809 90.972523 88.204308 72.801099 76.941536 117.388245 90.354856 74.966659 30.000000 8.485281 97.652445 49.193496 80.024996 79.120162 49.030603 82.462113 46.647615 104.804580 30.000000 70.880181 96.208108 57.271284 89.106678 91.082380 72.443081 15.231546 24.738634 60.033324 90.906545 100.955436 21.260292 0.000000 70.000000 85.906926 94.762862 20.396078 50.039984 87.658428 
49 98.407317 89.196412 30.528675 49.030603 99.035347 109.635761 65.115282 104.861814 18.000000 68.117545 78.892332 50.596443 27.202941 49.193496 36.055513 83.761566 79.397733 78.587531 116.275535 20.000000 95.603347 84.852814 43.174066 94.021274 40.000000 76.236474 81.215762 34.058773 104.995238 89.888820 93.295230 22.360680 60.959003 70.455660 76.157731 84.403791 96.932967 18.439089 64.498062 106.000000 8.246211 65.513357 46.389654 93.722996 58.000000 85.158675 55.785303 70.000000 0.000000 98.792712 110.453610 50.159745 87.658428 50.039984 
50 35.383612 22.000000 72.801099 71.693793 25.612497 16.124515 36.878178 8.246211 84.023806 58.240879 20.000000 50.911688 74.323617 50.000000 67.675697 15.231546 32.984845 32.984845 24.331050 82.462113 10.000000 64.000000 74.886581 11.661904 84.852814 81.608823 38.209946 67.230945 16.492423 8.944272 45.607017 89.106678 44.407207 61.611687 56.920998 16.124515 17.088007 81.412530 48.332184 7.211103 93.230896 71.021124 78.230429 31.240999 58.137767 38.000000 70.028566 85.906926 98.792712 0.000000 11.661904 80.024996 39.446166 63.812225 
51 39.446166 29.732137 84.308956 82.097503 29.529646 12.806248 48.083261 8.246211 95.603347 67.230945 31.622777 62.289646 85.906926 61.611687 79.120162 26.832816 42.047592 42.047592 18.973666 94.021274 18.000000 70.710678 85.603738 20.000000 95.707889 89.822046 46.173586 78.790862 17.204651 20.591260 50.990195 100.498756 55.317267 70.228199 65.115282 27.202941 22.360680 93.059121 58.309519 4.472136 104.861814 80.224684 88.814413 36.769553 68.264193 45.122057 80.099938 94.762862 110.453610 11.661904 0.000000 90.354856 46.173586 74.404301 
52 62.609903 82.462113 26.832816 74.404301 67.675697 83.952367 44.407207 82.607506 51.923020 83.737686 64.776539 55.605755 30.463092 48.826222 25.612497 66.121101 49.030603 78.000000 87.931792 52.497619 72.443081 101.212647 71.021124 70.455660 10.770330 26.076810 84.095184 30.000000 78.102497 72.027772 53.254108 62.096699 36.221541 87.863531 32.802439 64.000000 87.132084 36.878178 73.239334 86.209048 52.153619 17.204651 4.472136 60.166436 73.593478 87.726849 10.770330 20.396078 50.159745 80.024996 90.354856 0.000000 50.990195 69.426220 
53 11.661904 54.037024 57.201399 82.024387 18.000000 36.221541 28.071338 37.947332 78.790862 78.102497 36.715120 56.035703 60.464866 50.358713 51.613952 32.802439 12.165525 58.137767 38.209946 78.000000 29.529646 90.620086 82.389320 27.784888 59.363288 44.181444 65.299311 53.851648 30.265492 35.383612 8.246211 87.315520 27.856777 82.462113 20.099751 28.425341 53.814496 69.339743 65.513357 43.081318 85.088190 36.878178 51.107729 10.000000 72.443081 67.230945 40.249224 50.039984 87.658428 39.446166 46.173586 50.990195 0.000000 74.000000 
54 80.622577 46.690470 44.045431 8.246211 76.157731 78.714675 46.043458 71.693793 32.062439 18.110770 45.694639 18.110770 41.617304 24.738634 43.863424 52.000000 62.032250 34.058773 86.764048 30.066593 65.391131 35.440090 11.313708 64.621978 65.299311 89.554453 34.000000 39.597980 76.157731 56.356011 82.024387 31.048349 49.030603 20.880613 74.726167 55.027266 55.172457 41.231056 17.204651 70.455660 42.000000 75.179785 65.115282 74.672619 8.246211 37.576588 66.573268 87.658428 50.039984 63.812225 74.404301 69.426220 74.000000 0.000000 
;

param qq := 100;

param d :=
1 0
2 24
3 9
4 15
5 17
6 2
7 19
8 10
9 17
10 20
11 16
12 8
13 12
14 3
15 23
16 4
17 23
18 20
19 2
20 19
21 2
22 23
23 23
24 5
25 12
26 15
27 9
28 13
29 18
30 16
31 7
32 6
33 2
34 8
35 2
36 2
37 4
38 13
39 18
40 9
41 19
42 3
43 14
44 19
45 21
46 4
47 6
48 22
49 13
50 10
51 18
52 5
53 9
54 36
;