#

param c:
    1  2  3  4  5  6  7  8  9 10 11 12 13 14 15 16 17 18 19 20 21 22 23 24 25 26 27 28 29 30 31 32 33 34 35 36 37 38 39 40 41 42 43 44 45 46 47 48 49 50 51 52 53 54 55 56 57 58 59 60 61 62 63 :=
 1 0.000000 63.063460 76.157731 62.817195 20.880613 45.122057 93.600214 40.311289 81.394103 79.849859 35.510562 61.611687 81.859636 24.839485 54.230987 34.365681 54.488531 15.811388 39.204592 54.561891 14.866069 43.266615 57.140179 48.877398 42.379240 25.961510 24.207437 85.702975 29.681644 25.806976 15.000000 35.000000 48.020829 82.764727 63.063460 84.386018 6.708204 57.314920 24.083189 61.008196 23.706539 68.308125 73.054774 28.017851 52.172790 59.008474 54.918121 55.901699 5.099020 40.311289 20.880613 51.009803 9.055385 44.011362 46.754679 72.801099 26.400758 41.677332 56.142675 34.985711 56.400355 44.407207 20.615528 
 2 63.063460 0.000000 16.643317 31.000000 81.614950 31.064449 42.379240 45.188494 39.012818 19.104973 46.754679 86.954011 23.021729 80.000000 12.083046 29.154759 29.698485 56.008928 29.732137 41.761226 71.175839 42.059482 70.213959 44.407207 52.773099 37.107951 80.006250 41.109610 77.524190 40.012498 77.665951 63.890531 89.560036 64.474801 89.185201 39.115214 69.641941 34.058773 86.145226 15.000000 40.311289 6.403124 40.792156 86.313383 80.056230 15.132746 43.139309 81.006173 67.683085 23.706539 67.119297 71.196910 66.850580 20.000000 35.510562 67.801180 40.000000 84.403791 69.634761 46.010868 39.623226 40.311289 66.121101 
 3 76.157731 16.643317 0.000000 45.891176 93.145048 47.707442 26.476405 50.249378 26.925824 4.000000 63.253458 89.196412 6.403124 90.094395 21.931712 43.829214 30.805844 66.708320 46.010868 57.939624 82.225300 46.389654 71.309186 46.572524 56.885851 50.537115 90.255194 27.658633 86.145226 51.244512 90.138782 70.178344 95.634722 57.008771 91.416629 25.709920 82.855296 33.241540 98.081599 30.364453 52.554733 10.295630 54.009258 101.019800 83.677954 31.016125 43.081318 83.815273 80.411442 39.051248 76.655072 74.040529 81.006173 32.202484 39.319207 64.031242 50.960769 91.197588 70.936591 62.481997 39.000000 44.407207 75.663730 
 4 62.817195 31.000000 45.891176 0.000000 83.677954 17.720045 72.367120 64.660653 70.007142 46.840154 31.256999 106.066017 51.662365 85.796270 37.643060 33.600595 56.080300 63.529521 24.596748 15.000000 75.610846 63.007936 91.831367 67.416615 72.346389 42.190046 85.440037 72.062473 86.769810 50.000000 77.466122 78.873316 102.625533 93.680307 108.189648 70.064256 68.066144 61.098281 86.683332 16.000000 47.707442 36.221541 12.041595 77.414469 97.672924 16.124515 68.425142 99.704564 67.911707 29.000000 75.591005 90.553851 62.289646 36.891733 58.309519 94.371606 50.606324 96.566040 91.049437 31.144823 65.795137 61.854668 74.706091 
 5 20.880613 81.614950 93.145048 83.677954 0.000000 65.969690 107.354553 49.406477 93.813645 97.015463 55.901699 54.332311 98.371744 10.049876 71.589105 54.009258 67.535176 26.570661 59.841457 75.239617 11.180340 53.254108 56.364883 57.628118 48.083261 45.011110 9.055385 98.270036 19.416488 41.976184 7.810250 35.227830 35.355339 88.238314 55.145263 97.247108 16.643317 69.115845 5.656854 81.154174 41.303753 86.313383 93.920179 29.274562 45.891176 79.158070 64.031242 50.009999 15.811388 60.008333 19.798990 48.846699 24.207437 61.814238 58.668561 75.471849 42.201896 30.016662 55.461698 55.461698 66.610810 54.918121 20.518285 
 6 45.122057 31.064449 47.707442 17.720045 65.969690 0.000000 72.917762 51.000000 66.940272 50.000000 16.643317 90.906545 54.083269 68.154237 31.575307 18.027756 47.169906 46.324939 7.810250 14.866069 57.939624 50.159745 78.032045 55.362442 58.309519 25.495098 67.779053 69.921384 69.462220 33.970576 59.841457 62.936476 85.802098 85.475143 92.956979 68.007353 50.487622 52.239832 69.050706 20.248457 31.144823 37.443290 28.653098 61.392182 82.134037 18.601075 57.723479 84.504438 50.219518 15.524175 58.309519 75.802375 45.011110 26.172505 46.840154 83.522452 34.713110 79.630396 77.175126 16.124515 55.901699 49.396356 57.454330 
 7 93.600214 42.379240 26.476405 72.367120 107.354553 72.917762 0.000000 58.872744 15.033296 26.019224 87.464278 89.089842 21.023796 102.156742 43.011626 65.436993 39.824616 81.123363 69.971423 84.118963 96.176920 54.781384 71.007042 51.923020 63.063460 70.007142 102.552426 11.045361 96.135321 67.801180 106.000000 77.884530 101.118742 44.283180 91.137259 11.045361 100.209780 38.626416 112.769677 56.753854 70.292247 36.400549 80.224684 120.507261 86.145226 57.280014 46.097722 85.005882 97.082439 61.854668 88.639720 76.164296 100.005000 52.497619 48.754487 56.753854 67.201190 98.061205 71.000000 86.608314 42.449971 52.924474 87.726849 
 8 40.311289 45.188494 50.249378 64.660653 49.406477 51.000000 58.872744 0.000000 44.721360 54.230987 54.918121 42.201896 54.000000 43.382024 33.105891 33.105891 20.099751 25.000000 43.382024 65.741920 38.418745 4.123106 27.202941 8.602325 7.810250 28.442925 43.829214 49.193496 37.363083 20.024984 49.497475 20.000000 45.398238 42.720019 44.407207 48.332184 46.043458 20.248457 55.000000 53.263496 24.020824 47.127487 76.694198 68.264193 34.885527 51.739733 14.866069 36.055513 42.201896 36.055513 30.016662 26.400758 48.754487 28.319605 11.000000 35.000000 19.026298 41.012193 26.400758 53.935146 17.204651 6.082763 29.154759 
 9 81.394103 39.012818 26.925824 70.007142 93.813645 66.940272 15.033296 44.721360 0.000000 28.653098 79.849859 74.168727 24.413111 88.102213 35.440090 56.356011 26.907248 68.007353 62.625873 79.762146 82.680106 40.706265 56.035703 37.336309 48.383882 59.405387 88.549421 4.472136 81.706793 55.865911 93.005376 63.245553 86.145226 32.015621 76.236474 4.000000 87.863531 24.698178 99.322706 54.009258 58.796258 34.365681 79.511006 108.903627 71.112587 54.009258 31.320920 70.000000 84.504438 53.851648 74.706091 61.131007 88.413800 43.382024 35.227830 42.720019 55.154329 83.198558 56.008928 78.924014 27.856777 38.948684 73.824115 
10 79.849859 19.104973 4.000000 46.840154 97.015463 50.000000 26.019224 54.230987 28.653098 0.000000 65.855903 92.973114 5.000000 94.047860 25.632011 47.169906 34.713110 70.611614 48.795492 59.506302 86.122006 50.358713 75.026662 50.447993 60.827625 54.129474 94.201911 28.792360 90.138782 55.081757 93.920179 74.168727 99.609237 59.548300 95.189285 26.925824 86.539009 37.000000 101.921538 31.780497 56.302753 12.727922 54.230987 104.446158 87.555697 32.649655 46.818800 87.641314 84.154620 42.201896 80.622577 77.884530 84.534017 35.846897 43.289722 67.201190 54.817880 95.189285 74.672619 65.115282 42.720019 48.373546 79.630396 
11 35.510562 46.754679 63.253458 31.256999 55.901699 16.643317 87.464278 54.918121 79.849859 65.855903 0.000000 90.426766 69.656299 60.216277 44.721360 24.331050 56.885851 42.201896 17.492856 19.646883 50.000000 55.326305 80.324343 61.204575 61.131007 26.476405 59.640590 83.258633 63.655322 35.171011 48.846699 61.773781 81.394103 94.132885 92.282176 81.437092 39.395431 61.660360 57.939624 36.891733 31.320920 53.150729 39.319207 46.173586 81.123363 35.227830 65.000000 84.118963 40.311289 26.000000 53.075418 76.557168 32.572995 36.687873 54.009258 89.560036 36.138622 75.006666 79.378838 1.000000 64.124878 55.145263 52.402290 
12 61.611687 86.954011 89.196412 106.066017 54.332311 90.906545 89.089842 42.201896 74.168727 92.973114 90.426766 0.000000 91.482239 44.283180 74.946648 73.000000 58.694122 48.846699 83.096330 105.000000 49.162994 44.944410 18.248288 42.953463 34.409301 65.802736 45.276926 78.057671 35.057096 57.008771 60.008333 28.653098 21.954498 51.244512 2.236068 78.160092 63.505905 55.973208 58.855756 95.425364 60.216277 88.102213 118.088950 83.024093 9.486833 93.861600 46.173586 6.403124 59.682493 77.077883 40.792156 15.811388 70.213959 70.434367 51.478151 35.440090 56.222771 25.000000 18.439089 89.554453 50.289164 46.647615 41.000000 
13 81.859636 23.021729 6.403124 51.662365 98.371744 54.083269 21.023796 54.000000 24.413111 5.000000 69.656299 91.482239 0.000000 94.921020 27.784888 50.000000 34.058773 71.840100 52.402290 64.078077 87.361319 50.009999 73.375745 49.497475 60.207973 56.435804 95.126232 24.166092 90.553851 56.648036 95.634722 74.000000 99.181652 55.865911 93.680307 22.360680 88.566359 35.693137 103.406963 36.400549 58.180753 16.643317 59.211485 107.070071 86.492774 37.161808 45.354162 86.348133 86.005814 45.343136 81.394103 76.687678 86.954011 38.078866 43.000000 64.350602 56.302753 95.005263 73.082146 68.883960 41.231056 48.010416 80.411442 
14 24.839485 80.000000 90.094395 85.796270 10.049876 68.154237 102.156742 43.382024 88.102213 94.047860 60.216277 44.283180 94.921020 0.000000 69.180922 54.129474 62.625873 24.020824 61.351447 78.892332 10.295630 47.423623 47.010637 51.107729 40.804412 44.911023 1.000000 92.574294 9.486833 40.012498 16.492423 26.870058 25.709920 79.981248 45.099889 91.706052 23.021729 63.560994 14.866069 81.394103 40.311289 84.148678 96.664368 39.115214 35.902646 79.429214 57.454330 40.024992 20.518285 60.016664 13.601471 39.357337 30.805844 60.000000 53.488316 66.610810 40.000000 20.099751 46.141088 59.640590 60.415230 49.244289 14.560220 
15 54.230987 12.083046 21.931712 37.643060 71.589105 31.575307 43.011626 33.105891 35.440090 25.632011 44.721360 74.946648 27.784888 69.180922 0.000000 22.627417 18.867962 45.398238 27.313001 45.011110 60.827625 30.016662 58.412327 32.649655 40.706265 28.653098 69.260378 38.626416 66.121101 29.614186 68.308125 51.923020 77.620873 56.044625 77.175126 36.769553 60.926185 23.706539 76.400262 22.825424 30.675723 15.000000 48.846699 79.322128 67.977938 21.931712 32.015621 68.963759 58.523500 18.867962 56.008928 59.169249 59.169249 10.295630 23.600847 57.454330 29.427878 72.567210 57.801384 43.829214 28.844410 28.301943 55.009090 
16 34.365681 29.154759 43.829214 33.600595 54.009258 18.027756 65.436993 33.105891 56.356011 47.169906 24.331050 73.000000 50.000000 54.129474 22.627417 0.000000 32.557641 30.675723 10.295630 32.649655 44.407207 32.572995 60.033324 38.078866 40.311289 9.219544 53.935146 60.033324 53.851648 16.401219 49.254441 45.343136 69.115845 70.007142 75.073298 58.309519 40.792156 37.336309 58.077534 27.294688 14.317821 34.885527 45.453273 57.306195 64.350602 25.317978 41.194660 66.603303 39.204592 6.000000 42.720019 57.801384 37.696154 13.038405 30.149627 66.490601 17.029386 63.134776 59.169249 23.345235 40.000000 32.015621 41.785165 
17 54.488531 29.698485 30.805844 56.080300 67.535176 47.169906 39.824616 20.099751 26.907248 34.713110 56.885851 58.694122 34.058773 62.625873 18.867962 32.557641 0.000000 41.340053 41.012193 61.660360 56.356011 16.031220 41.182521 15.811388 26.172505 33.541020 62.968246 31.240999 57.271284 29.068884 66.287254 40.049969 65.122961 38.327536 60.926185 30.000000 60.959003 5.099020 72.945185 41.677332 32.202484 29.681644 67.542579 82.073138 52.886671 40.706265 13.453624 53.141321 57.628118 32.000000 49.040799 43.324358 61.619802 21.023796 9.219544 38.587563 28.319605 61.008196 40.706265 55.901699 10.000000 14.035669 48.104054 
18 15.811388 56.008928 66.708320 63.529521 26.570661 46.324939 81.123363 25.000000 68.007353 70.611614 42.201896 48.846699 71.840100 24.020824 45.398238 30.675723 41.340053 0.000000 38.948684 58.796258 15.524175 28.319605 42.011903 33.600595 26.570661 21.540659 24.000000 72.422372 23.259407 16.000000 25.000000 20.615528 39.698866 67.082039 50.566788 71.281134 21.095023 43.416587 31.780497 57.723479 16.492423 60.299254 74.946648 43.416587 39.395431 55.785303 39.824616 42.720019 17.204651 36.400549 12.083046 36.496575 24.738634 36.013886 32.802439 57.008771 16.031220 33.421550 41.012193 41.400483 41.725292 29.698485 11.180340 
19 39.204592 29.732137 46.010868 24.596748 59.841457 7.810250 69.971423 43.382024 62.625873 48.795492 17.492856 83.096330 52.402290 61.351447 27.313001 10.295630 41.012193 38.948684 0.000000 22.360680 51.244512 42.720019 70.327804 48.083261 50.606324 17.804494 61.032778 65.924199 62.177166 26.172505 54.147945 55.154329 78.236820 79.101201 85.146932 64.078077 45.011110 46.000000 63.285069 22.561028 23.430749 36.069378 36.055513 58.189346 74.330344 20.615528 50.803543 76.694198 44.283180 9.055385 51.000000 68.007353 40.311289 20.099751 39.812058 76.400262 26.907248 72.111026 69.462220 16.643317 49.254441 42.059482 50.119856 
20 54.561891 41.761226 57.939624 15.000000 75.239617 14.866069 84.118963 65.741920 79.762146 59.506302 19.646883 105.000000 64.078077 78.892332 45.011110 32.649655 61.660360 58.796258 22.360680 0.000000 68.600292 65.000000 92.660671 70.228199 72.945185 39.204592 78.390050 82.377181 81.400246 48.010416 68.352030 76.694198 98.493655 99.984999 107.004673 80.411442 58.872744 66.753277 77.491935 27.730849 44.821870 47.759816 20.000000 65.007692 96.046864 26.925824 72.532751 98.600203 59.506302 30.364453 70.434367 90.138782 52.201533 40.792156 61.684682 98.371744 48.826222 92.195445 91.787799 19.924859 70.611614 64.257295 69.656299 
21 14.866069 71.175839 82.225300 75.610846 11.180340 57.939624 96.176920 38.418745 82.680106 86.122006 50.000000 49.162994 87.361319 10.295630 60.827625 44.407207 56.356011 15.524175 51.244512 68.600292 0.000000 42.201896 48.083261 46.754679 37.643060 35.227830 9.848858 87.132084 15.231546 31.256999 12.083046 26.000000 33.541020 78.236820 50.358713 86.092973 14.560220 57.982756 16.643317 71.700767 31.000000 75.663730 86.406018 34.525353 40.012498 69.720872 53.150729 44.000000 11.180340 50.358713 9.848858 41.000000 21.931712 51.244512 47.507894 66.189123 31.400637 27.313001 47.127487 49.406477 55.605755 43.829214 10.295630 
22 43.266615 42.059482 46.389654 63.007936 53.254108 50.159745 54.781384 4.123106 40.706265 50.358713 55.326305 44.944410 50.009999 47.423623 30.016662 32.572995 16.031220 28.319605 42.720019 65.000000 42.201896 0.000000 29.000000 6.082763 10.770330 29.017236 47.853944 45.177428 41.484937 21.213203 53.075418 24.020824 49.254441 40.521599 47.169906 44.283180 49.203658 16.155494 58.821765 50.931326 25.179357 43.657760 75.000000 71.281134 38.078866 49.497475 11.661904 38.948684 45.453273 34.885527 34.000000 29.154759 51.478151 26.248809 7.071068 34.234486 20.223748 45.000000 28.284271 54.332311 13.453624 2.000000 33.120990 
23 57.140179 70.213959 71.309186 91.831367 56.364883 78.032045 71.007042 27.202941 56.035703 75.026662 80.324343 18.248288 73.375745 47.010637 58.412327 60.033324 41.182521 42.011903 70.327804 92.660671 48.083261 29.000000 0.000000 25.806976 19.723083 54.230987 47.885280 60.000000 37.735925 45.310043 60.083276 22.360680 33.120990 35.846897 20.396078 60.033324 60.827625 38.078866 61.717096 79.906195 49.040799 70.830784 103.855669 82.462113 16.155494 78.492038 28.231188 14.142136 56.718604 63.245553 38.327536 7.810250 66.189123 55.226805 34.828150 20.615528 44.384682 32.649655 1.000000 79.378838 32.310989 30.413813 38.078866 
24 48.877398 44.407207 46.572524 67.416615 57.628118 55.362442 51.923020 8.602325 37.336309 50.447993 61.204575 42.953463 49.497475 51.107729 32.649655 38.078866 15.811388 33.600595 48.083261 70.228199 46.754679 6.082763 25.806976 0.000000 11.180340 35.000000 51.623638 41.785165 44.384682 27.294688 58.000000 25.961510 50.009999 34.481879 45.188494 41.109610 54.644304 14.000000 63.253458 54.561891 31.256999 45.177428 79.322128 76.850504 37.107951 53.263496 6.403124 37.336309 50.803543 39.924930 38.013156 27.513633 57.245087 30.528675 9.219544 28.442925 26.305893 46.389654 25.238859 60.207973 9.486833 6.082763 37.202150 
25 42.379240 52.773099 56.885851 72.346389 48.083261 58.309519 63.063460 7.810250 48.383882 60.827625 61.131007 34.409301 60.207973 40.804412 40.706265 40.311289 26.172505 26.570661 50.606324 72.945185 37.643060 10.770330 19.723083 11.180340 0.000000 34.785054 41.400483 52.810984 33.541020 25.961510 49.406477 14.866069 39.012818 40.816663 36.619667 52.201533 47.423623 25.079872 53.740115 61.073726 29.832868 54.424259 84.386018 69.778220 27.313001 59.548300 17.088007 28.301943 43.382024 43.600459 28.284271 18.601075 51.244512 36.124784 17.720045 30.594117 25.000000 35.227830 18.867962 60.166436 20.615528 12.649111 27.586228 
26 25.961510 37.107951 50.537115 42.190046 45.011110 25.495098 70.007142 28.442925 59.405387 54.129474 26.476405 65.802736 56.435804 44.911023 28.653098 9.219544 33.541020 21.540659 17.804494 39.204592 35.227830 29.017236 54.230987 35.000000 34.785054 0.000000 44.721360 63.411355 44.777226 8.944272 40.607881 37.536649 60.464866 68.731361 67.801180 61.846584 32.572995 37.696154 49.254441 36.496575 5.656854 42.379240 53.823787 50.803543 56.850682 34.525353 39.319207 59.405387 30.594117 15.132746 33.615473 51.107729 30.528675 18.357560 28.635642 63.198101 9.848858 54.378304 53.310412 25.495098 39.051248 29.017236 32.695565 
27 24.207437 80.006250 90.255194 85.440037 9.055385 67.779053 102.552426 43.829214 88.549421 94.201911 59.640590 45.276926 95.126232 1.000000 69.260378 53.935146 62.968246 24.000000 61.032778 78.390050 9.848858 47.853944 47.885280 51.623638 41.400483 44.721360 0.000000 93.021503 10.440307 40.000000 15.524175 27.586228 26.683328 80.721744 46.097722 92.135769 22.203603 63.976558 13.928388 81.215762 40.199502 84.214013 96.254870 38.118237 36.878178 79.246451 57.982756 41.000000 19.798990 59.841457 13.928388 40.249224 30.000000 60.008333 53.851648 67.424031 40.012498 21.095023 47.010637 59.076222 60.901560 49.658836 14.866069 
28 85.702975 41.109610 27.658633 72.062473 98.270036 69.921384 11.045361 49.193496 4.472136 28.792360 83.258633 78.057671 24.166092 92.574294 38.626416 60.033324 31.240999 72.422372 65.924199 82.377181 87.132084 45.177428 60.000000 41.785165 52.810984 63.411355 93.021503 0.000000 86.162637 60.108236 97.416631 67.675697 90.426766 34.132096 80.099938 2.000000 92.195445 29.154759 103.773792 56.080300 62.968246 36.013886 81.154174 113.137085 75.239617 56.222771 35.735137 74.027022 88.865066 57.271284 79.177017 65.276336 92.633687 47.010637 39.661064 45.880279 59.413803 87.555697 60.008333 82.346828 32.310989 43.416587 78.294317 
29 29.681644 77.524190 86.145226 86.769810 19.416488 69.462220 96.135321 37.363083 81.706793 90.138782 63.655322 35.057096 90.553851 9.486833 66.121101 53.851648 57.271284 23.259407 62.177166 81.400246 15.231546 41.484937 37.735925 44.384682 33.541020 44.777226 10.440307 86.162637 0.000000 38.327536 25.019992 18.867962 18.357560 71.421285 36.000000 85.440037 29.732137 57.567352 24.351591 80.653580 39.560081 81.098705 98.112181 48.000000 26.476405 78.746428 50.566788 30.594117 26.400758 59.464275 11.180340 30.016662 37.161808 57.706152 48.052055 57.628118 38.078866 12.083046 36.891733 62.968246 53.851648 43.416587 12.083046 
30 25.806976 40.012498 51.244512 50.000000 41.976184 33.970576 67.801180 20.024984 55.865911 55.081757 35.171011 57.008771 56.648036 40.012498 29.614186 16.401219 29.068884 16.000000 26.172505 48.010416 31.256999 21.213203 45.310043 27.294688 25.961510 8.944272 40.000000 60.108236 38.327536 0.000000 39.000000 29.000000 52.839379 61.611687 59.033889 58.728187 32.449961 32.449961 46.840154 42.379240 4.000000 44.407207 61.846584 53.037722 48.166378 40.496913 32.280025 50.606324 29.529646 21.470911 27.459060 42.190046 32.557641 20.024984 22.360680 55.009090 1.000000 46.957428 44.384682 34.205263 32.695565 21.587033 26.476405 
31 15.000000 77.665951 90.138782 77.466122 7.810250 59.841457 106.000000 49.497475 93.005376 93.920179 48.846699 60.008333 95.634722 16.492423 68.308125 49.254441 66.287254 25.000000 54.147945 68.352030 12.083046 53.075418 60.083276 58.000000 49.406477 40.607881 15.524175 97.416631 25.019992 39.000000 0.000000 38.078866 42.201896 90.138782 61.008196 96.260064 9.486833 68.410526 9.219544 76.006579 37.643060 82.710338 87.361319 23.021729 51.156622 74.006756 64.350602 55.226805 10.049876 55.226805 21.931712 52.886671 16.643317 58.240879 57.801384 78.262379 39.395431 36.496575 59.135438 48.466483 66.528190 54.561891 22.360680 
32 35.000000 63.890531 70.178344 78.873316 35.227830 62.936476 77.884530 20.000000 63.245553 74.168727 61.773781 28.653098 74.000000 26.870058 51.923020 45.343136 40.049969 20.615528 55.154329 76.694198 26.000000 24.020824 22.360680 25.961510 14.866069 37.536649 27.586228 67.675697 18.867962 29.000000 38.078866 0.000000 25.709920 53.150729 30.528675 67.052218 38.470768 39.623226 40.804412 69.835521 31.890437 66.490601 90.785461 60.166436 19.416488 68.095521 31.953091 22.360680 34.365681 50.000000 16.155494 16.031220 44.011362 45.188494 31.000000 40.311289 28.319605 21.023796 21.377558 60.901560 35.440090 26.019224 15.811388 
33 48.020829 89.560036 95.634722 102.625533 35.355339 85.802098 101.118742 45.398238 86.145226 99.609237 81.394103 21.954498 99.181652 25.709920 77.620873 69.115845 65.122961 39.698866 78.236820 98.493655 33.541020 49.254441 33.120990 50.009999 39.012818 60.464866 26.683328 90.426766 18.357560 52.839379 42.201896 25.709920 0.000000 68.963759 21.931712 90.094395 47.927028 64.007812 39.012818 94.847246 54.918121 92.195445 114.284732 64.629715 17.204651 93.037627 55.226805 20.518285 44.721360 74.303432 28.319605 26.000000 55.461698 70.576200 56.320511 53.535035 52.354560 6.403124 32.649655 80.659779 59.135438 51.244512 29.000000 
34 82.764727 64.474801 57.008771 93.680307 88.238314 85.475143 44.283180 42.720019 32.015621 59.548300 94.132885 51.244512 55.865911 79.981248 56.044625 70.007142 38.327536 67.082039 79.101201 99.984999 78.236820 40.521599 35.846897 34.481879 40.816663 68.731361 80.721744 34.132096 71.421285 61.611687 90.138782 53.150729 68.963759 0.000000 52.886671 35.227830 88.119237 33.241540 93.861600 78.434686 65.513357 61.773781 104.675690 110.476242 51.884487 77.794601 29.427878 49.244289 84.118963 70.178344 68.600292 43.266615 91.389277 59.304300 40.199502 15.811388 60.638272 68.242216 36.359318 93.134312 30.016662 40.024992 68.007353 
35 63.063460 89.185201 91.416629 108.189648 55.145263 92.956979 91.137259 44.407207 76.236474 95.189285 92.282176 2.236068 93.680307 45.099889 77.175126 75.073298 60.926185 50.566788 85.146932 107.004673 50.358713 47.169906 20.396078 45.188494 36.619667 67.801180 46.097722 80.099938 36.000000 59.033889 61.008196 30.528675 21.931712 52.886671 0.000000 80.224684 64.776539 58.189346 59.539903 97.616597 62.201286 90.338253 120.208153 84.000000 11.180340 96.046864 48.383882 8.485281 61.000000 79.195959 42.201896 18.027756 71.589105 72.622311 53.712196 37.107951 58.258047 25.495098 20.615528 91.416629 52.497619 48.877398 42.449971 
36 84.386018 39.115214 25.709920 70.064256 97.247108 68.007353 11.045361 48.332184 4.000000 26.925824 81.437092 78.160092 22.360680 91.706052 36.769553 58.309519 30.000000 71.281134 64.078077 80.411442 86.092973 44.283180 60.033324 41.109610 52.201533 61.846584 92.135769 2.000000 85.440037 58.728187 96.260064 67.052218 90.094395 35.227830 80.224684 0.000000 90.906545 28.178006 102.727796 54.083269 61.522354 34.014703 79.158070 111.731822 75.106591 54.230987 35.171011 74.000000 87.618491 55.461698 78.262379 65.122961 91.219515 45.276926 38.587563 46.486557 58.051701 87.097646 60.008333 80.529498 31.622777 42.485292 77.369245 
37 6.708204 69.641941 82.855296 68.066144 16.643317 50.487622 100.209780 46.043458 87.863531 86.539009 39.395431 63.505905 88.566359 23.021729 60.926185 40.792156 60.959003 21.095023 45.011110 58.872744 14.560220 49.203658 60.827625 54.644304 47.423623 32.572995 22.203603 92.195445 29.732137 32.449961 9.486833 38.470768 47.927028 88.119237 64.776539 90.906545 0.000000 63.639610 18.681542 67.119297 30.413813 74.946648 77.884530 22.360680 54.230987 65.122961 60.802960 58.137767 4.123106 46.690470 23.000000 54.230987 7.810250 50.695167 53.037722 77.491935 33.015148 41.785165 59.841457 39.000000 62.481997 50.447993 23.021729 
38 57.314920 34.058773 33.241540 61.098281 69.115845 52.239832 38.626416 20.248457 24.698178 37.000000 61.660360 55.973208 35.693137 63.560994 23.706539 37.336309 5.099020 43.416587 46.000000 66.753277 57.982756 16.155494 38.078866 14.000000 25.079872 37.696154 63.976558 29.154759 57.567352 32.449961 68.410526 39.623226 64.007812 33.241540 58.189346 28.178006 63.639610 0.000000 74.625733 46.529560 35.846897 33.421550 72.498276 85.146932 50.803543 45.617979 9.848858 50.695167 60.141500 37.013511 50.089919 41.000000 64.815122 26.076810 10.630146 33.837849 31.622777 60.299254 37.696154 60.671245 5.830952 14.317821 49.193496 
39 24.083189 86.145226 98.081599 86.683332 5.656854 69.050706 112.769677 55.000000 99.322706 101.921538 57.939624 58.855756 103.406963 14.866069 76.400262 58.077534 72.945185 31.780497 63.285069 77.491935 16.643317 58.821765 61.717096 63.253458 53.740115 49.254441 13.928388 103.773792 24.351591 46.840154 9.219544 40.804412 39.012818 93.861600 59.539903 102.727796 18.681542 74.625733 0.000000 85.005882 45.891176 91.005494 96.566040 26.248809 50.695167 83.006024 69.656299 54.817880 19.026298 64.070274 25.455844 54.129474 25.495098 66.490601 64.140471 80.993827 47.127487 34.132096 60.827625 57.584720 72.201108 60.464866 26.172505 
40 61.008196 15.000000 30.364453 16.000000 81.154174 20.248457 56.753854 53.263496 54.009258 31.780497 36.891733 95.425364 36.400549 81.394103 22.825424 27.294688 41.677332 57.723479 22.561028 27.730849 71.700767 50.931326 79.906195 54.561891 61.073726 36.496575 81.215762 56.080300 80.653580 42.379240 76.006579 69.835521 94.847246 78.434686 97.616597 54.083269 67.119297 46.529560 85.005882 0.000000 41.231056 20.396078 26.248809 80.653580 87.658428 2.000000 54.644304 89.202018 66.000000 21.377558 69.641941 79.649231 62.801274 25.000000 45.343136 80.262071 42.720019 89.157165 79.208585 36.359318 51.623638 49.497475 68.680419 
41 23.706539 40.311289 52.554733 47.707442 41.303753 31.144823 70.292247 24.020824 58.796258 56.302753 31.320920 60.216277 58.180753 40.311289 30.675723 14.317821 32.202484 16.492423 23.430749 44.821870 31.000000 25.179357 49.040799 31.256999 29.832868 5.656854 40.199502 62.968246 39.560081 4.000000 37.643060 31.890437 54.918121 65.513357 62.201286 61.522354 30.413813 35.846897 45.891176 41.231056 0.000000 45.122057 59.405387 50.249378 51.224994 39.293765 36.138622 53.823787 27.856777 19.924859 28.460499 45.650849 29.732137 20.615528 26.000000 59.008474 5.000000 48.877398 48.104054 30.364453 36.400549 25.495098 27.513633 
42 68.308125 6.403124 10.295630 36.221541 86.313383 37.443290 36.400549 47.127487 34.365681 12.727922 53.150729 88.102213 16.643317 84.148678 15.000000 34.885527 29.681644 60.299254 36.069378 47.759816 75.663730 43.657760 70.830784 45.177428 54.424259 42.379240 84.214013 36.013886 81.098705 44.407207 82.710338 66.490601 92.195445 61.773781 90.338253 34.014703 74.946648 33.421550 91.005494 20.396078 45.122057 0.000000 45.177428 92.179173 81.706793 20.880613 43.011626 82.346828 72.801099 29.681644 71.007042 72.498276 72.498276 24.515301 36.769553 66.528190 44.283180 87.298339 70.327804 52.402290 39.204592 41.785165 70.007142 
43 73.054774 40.792156 54.009258 12.041595 93.920179 28.653098 80.224684 76.694198 79.511006 54.230987 39.319207 118.088950 59.211485 96.664368 48.846699 45.453273 67.542579 74.946648 36.055513 20.000000 86.406018 75.000000 103.855669 79.322128 84.386018 53.823787 96.254870 81.154174 98.112181 61.846584 87.361319 90.785461 114.284732 104.675690 120.208153 79.158070 77.884530 72.498276 96.566040 26.248809 59.405387 45.177428 0.000000 85.005882 109.658561 26.925824 80.131143 111.722871 78.108898 41.012193 86.954011 102.591423 71.589105 48.826222 70.178344 106.004717 62.481997 108.166538 103.077641 39.458839 77.369245 73.817342 86.092973 
44 28.017851 86.313383 101.019800 77.414469 29.274562 61.392182 120.507261 68.264193 108.903627 104.446158 46.173586 83.024093 107.070071 39.115214 79.322128 57.306195 82.073138 43.416587 58.189346 65.007692 34.525353 71.281134 82.462113 76.850504 69.778220 50.803543 38.118237 113.137085 48.000000 53.037722 23.021729 60.166436 64.629715 110.476242 84.000000 111.731822 22.360680 85.146932 26.248809 80.653580 50.249378 92.179173 85.005882 0.000000 74.168727 78.746428 82.927679 78.230429 26.400758 62.609903 44.147480 75.504967 20.518285 69.065187 74.652528 99.724621 53.758720 59.211485 81.492331 46.270941 84.403791 72.422372 44.384682 
45 52.172790 80.056230 83.677954 97.672924 45.891176 82.134037 86.145226 34.885527 71.112587 87.555697 81.123363 9.486833 86.492774 35.902646 67.977938 64.350602 52.886671 39.395431 74.330344 96.046864 40.012498 38.078866 16.155494 37.107951 27.313001 56.850682 36.878178 75.239617 26.476405 48.166378 51.156622 19.416488 17.204651 51.884487 11.180340 75.106591 54.230987 50.803543 50.695167 87.658428 51.224994 81.706793 109.658561 74.168727 0.000000 86.023253 41.303753 4.123106 50.358713 68.680419 31.400637 10.000000 60.827625 62.681736 44.944410 36.359318 47.423623 18.027756 15.811388 80.262071 45.398238 39.924930 31.575307 
46 59.008474 15.132746 31.016125 16.124515 79.158070 18.601075 57.280014 51.739733 54.009258 32.649655 35.227830 93.861600 37.161808 79.429214 21.931712 25.317978 40.706265 55.785303 20.615528 26.925824 69.720872 49.497475 78.492038 53.263496 59.548300 34.525353 79.246451 56.222771 78.746428 40.496913 74.006756 68.095521 93.037627 77.794601 96.046864 54.230987 65.122961 45.617979 83.006024 2.000000 39.293765 20.880613 26.925824 78.746428 86.023253 0.000000 53.535035 87.618491 64.000000 19.416488 67.720012 78.102497 60.827625 23.430749 44.045431 79.259069 40.853396 87.321246 77.781746 34.669872 50.606324 48.104054 66.760767 
47 54.918121 43.139309 43.081318 68.425142 64.031242 57.723479 46.097722 14.866069 31.320920 46.818800 65.000000 46.173586 45.354162 57.454330 32.015621 41.194660 13.453624 39.824616 50.803543 72.532751 53.150729 11.661904 28.231188 6.403124 17.088007 39.319207 57.982756 35.735137 50.566788 32.280025 64.350602 31.953091 55.226805 29.427878 48.383882 35.171011 60.802960 9.848858 69.656299 54.644304 36.138622 43.011626 80.131143 82.927679 41.303753 53.535035 0.000000 41.000000 57.008771 42.201896 44.407207 31.400637 63.134776 31.953091 11.045361 26.000000 31.320920 51.971146 27.856777 64.000000 4.123106 10.770330 43.600459 
48 55.901699 81.006173 83.815273 99.704564 50.009999 84.504438 85.005882 36.055513 70.000000 87.641314 84.118963 6.403124 86.348133 40.024992 68.963759 66.603303 53.141321 42.720019 76.694198 98.600203 44.000000 38.948684 14.142136 37.336309 28.301943 59.405387 41.000000 74.027022 30.594117 50.606324 55.226805 22.360680 20.518285 49.244289 8.485281 74.000000 58.137767 50.695167 54.817880 89.202018 53.823787 82.346828 111.722871 78.230429 4.123106 87.618491 41.000000 0.000000 54.230987 70.710678 35.227830 9.848858 64.629715 64.202804 45.617979 33.541020 49.819675 21.954498 14.035669 83.240615 45.122057 40.706265 35.355339 
49 5.099020 67.683085 80.411442 67.911707 15.811388 50.219518 97.082439 42.201896 84.504438 84.154620 40.311289 59.682493 86.005814 20.518285 58.523500 39.204592 57.628118 17.204651 44.283180 59.506302 11.180340 45.453273 56.718604 50.803543 43.382024 30.594117 19.798990 88.865066 26.400758 29.529646 10.049876 34.365681 44.721360 84.118963 61.000000 87.618491 4.123106 60.141500 19.026298 66.000000 27.856777 72.801099 78.108898 26.400758 50.358713 64.000000 57.008771 54.230987 0.000000 45.177428 19.026298 50.159745 10.770330 48.383882 49.517674 73.389373 30.016662 38.483763 55.731499 39.824616 58.796258 46.754679 19.000000 
50 40.311289 23.706539 39.051248 29.000000 60.008333 15.524175 61.854668 36.055513 53.851648 42.201896 26.000000 77.077883 45.343136 60.016664 18.867962 6.000000 32.000000 36.400549 9.055385 30.364453 50.358713 34.885527 63.245553 39.924930 43.600459 15.132746 59.841457 57.271284 59.464275 21.470911 55.226805 50.000000 74.303432 70.178344 79.195959 55.461698 46.690470 37.013511 64.070274 21.377558 19.924859 29.681644 41.012193 62.609903 68.680419 19.416488 42.201896 70.710678 45.177428 0.000000 48.383882 61.619802 43.324358 11.045361 31.320920 68.007353 21.954498 68.425142 62.425956 25.079872 40.447497 34.014703 47.434165 
51 20.880613 67.119297 76.655072 75.591005 19.798990 58.309519 88.639720 30.016662 74.706091 80.622577 53.075418 40.792156 81.394103 13.601471 56.008928 42.720019 49.040799 12.083046 51.000000 70.434367 9.848858 34.000000 38.327536 38.013156 28.284271 33.615473 13.928388 79.177017 11.180340 27.459060 21.931712 16.155494 28.319605 68.600292 42.201896 78.262379 23.000000 50.089919 25.455844 69.641941 28.460499 71.007042 86.954011 44.147480 31.400637 67.720012 44.407207 35.227830 19.026298 48.383882 0.000000 31.400637 29.427878 47.169906 39.924930 56.356011 27.294688 21.931712 37.363083 52.345009 47.169906 35.777088 1.000000 
52 51.009803 71.196910 74.040529 90.553851 48.846699 75.802375 76.164296 26.400758 61.131007 77.884530 76.557168 15.811388 76.687678 39.357337 59.169249 57.801384 43.324358 36.496575 68.007353 90.138782 41.000000 29.154759 7.810250 27.513633 18.601075 51.107729 40.249224 65.276336 30.016662 42.190046 52.886671 16.031220 26.000000 43.266615 18.027756 65.122961 54.230987 41.000000 54.129474 79.649231 45.650849 72.498276 102.591423 75.504967 10.000000 78.102497 31.400637 9.848858 50.159745 61.619802 31.400637 0.000000 60.000000 54.671748 35.777088 28.319605 41.340053 25.000000 7.071068 75.643903 35.510562 30.886890 31.256999 
53 9.055385 66.850580 81.006173 62.289646 24.207437 45.011110 100.005000 48.754487 88.413800 84.534017 32.572995 70.213959 86.954011 30.805844 59.169249 37.696154 61.619802 24.738634 40.311289 52.201533 21.931712 51.478151 66.189123 57.245087 51.244512 30.528675 30.000000 92.633687 37.161808 32.557641 16.643317 44.011362 55.461698 91.389277 71.589105 91.219515 7.810250 64.815122 25.495098 62.801274 29.732137 72.498276 71.589105 20.518285 60.827625 60.827625 63.134776 64.629715 10.770330 43.324358 29.427878 60.000000 0.000000 48.877398 54.405882 81.743501 33.301652 49.244289 65.192024 32.280025 64.350602 52.478567 29.274562 
54 44.011362 20.000000 32.202484 36.891733 61.814238 26.172505 52.497619 28.319605 43.382024 35.846897 36.687873 70.434367 38.078866 60.000000 10.295630 13.038405 21.023796 36.013886 20.099751 40.792156 51.244512 26.248809 55.226805 30.528675 36.124784 18.357560 60.008333 47.010637 57.706152 20.024984 58.240879 45.188494 70.576200 59.304300 72.622311 45.276926 50.695167 26.076810 66.490601 25.000000 20.615528 24.515301 48.826222 69.065187 62.681736 23.430749 31.953091 64.202804 48.383882 11.045361 47.169906 54.671748 48.877398 0.000000 21.470911 57.939624 20.000000 65.145990 54.488531 35.735137 29.832868 25.000000 46.173586 
55 46.754679 35.510562 39.319207 58.309519 58.668561 46.840154 48.754487 11.000000 35.227830 43.289722 54.009258 51.478151 43.000000 53.488316 23.600847 30.149627 9.219544 32.802439 39.812058 61.684682 47.507894 7.071068 34.828150 9.219544 17.720045 28.635642 53.851648 39.661064 48.052055 22.360680 57.801384 31.000000 56.320511 40.199502 53.712196 38.587563 53.037722 10.630146 64.140471 45.343136 26.000000 36.769553 70.178344 74.652528 44.944410 44.045431 11.045361 45.617979 49.517674 31.320920 39.924930 35.777088 54.405882 21.470911 0.000000 36.687873 21.470911 52.009614 34.205263 53.009433 10.440307 5.099020 39.000000 
56 72.801099 67.801180 64.031242 94.371606 75.471849 83.522452 56.753854 35.000000 42.720019 67.201190 89.560036 35.440090 64.350602 66.610810 57.454330 66.490601 38.587563 57.008771 76.400262 98.371744 66.189123 34.234486 20.615528 28.442925 30.594117 63.198101 67.424031 45.880279 57.628118 55.009090 78.262379 40.311289 53.535035 15.811388 37.107951 46.486557 77.491935 33.837849 80.993827 80.262071 59.008474 66.528190 106.004717 99.724621 36.359318 79.259069 26.000000 33.541020 73.389373 68.007353 56.356011 28.319605 81.743501 57.939624 36.687873 0.000000 54.009258 53.263496 21.260292 88.566359 28.653098 34.525353 55.901699 
57 26.400758 40.000000 50.960769 50.606324 42.201896 34.713110 67.201190 19.026298 55.154329 54.817880 36.138622 56.222771 56.302753 40.000000 29.427878 17.029386 28.319605 16.031220 26.907248 48.826222 31.400637 20.223748 44.384682 26.305893 25.000000 9.848858 40.012498 59.413803 38.078866 1.000000 39.395431 28.319605 52.354560 60.638272 58.258047 58.051701 33.015148 31.622777 47.127487 42.720019 5.000000 44.283180 62.481997 53.758720 47.423623 40.853396 31.320920 49.819675 30.016662 21.954498 27.294688 41.340053 33.301652 20.000000 21.470911 54.009258 0.000000 46.518813 43.462628 35.171011 31.780497 20.615528 26.305893 
58 41.677332 84.403791 91.197588 96.566040 30.016662 79.630396 98.061205 41.012193 83.198558 95.189285 75.006666 25.000000 95.005263 20.099751 72.567210 63.134776 61.008196 33.421550 72.111026 92.195445 27.313001 45.000000 32.649655 46.389654 35.227830 54.378304 21.095023 87.555697 12.083046 46.957428 36.496575 21.023796 6.403124 68.242216 25.495098 87.097646 41.785165 60.299254 34.132096 89.157165 48.877398 87.298339 108.166538 59.211485 18.027756 87.321246 51.971146 21.954498 38.483763 68.425142 21.931712 25.000000 49.244289 65.145990 52.009614 53.263496 46.518813 0.000000 32.015621 74.276510 55.731499 47.000000 22.627417 
59 56.142675 69.634761 70.936591 91.049437 55.461698 77.175126 71.000000 26.400758 56.008928 74.672619 79.378838 18.439089 73.082146 46.141088 57.801384 59.169249 40.706265 41.012193 69.462220 91.787799 47.127487 28.284271 1.000000 25.238859 18.867962 53.310412 47.010637 60.008333 36.891733 44.384682 59.135438 21.377558 32.649655 36.359318 20.615528 60.008333 59.841457 37.696154 60.827625 79.208585 48.104054 70.327804 103.077641 81.492331 15.811388 77.781746 27.856777 14.035669 55.731499 62.425956 37.363083 7.071068 65.192024 54.488531 34.205263 21.260292 43.462628 32.015621 0.000000 78.434686 31.953091 29.732137 37.107951 
60 34.985711 46.010868 62.481997 31.144823 55.461698 16.124515 86.608314 53.935146 78.924014 65.115282 1.000000 89.554453 68.883960 59.640590 43.829214 23.345235 55.901699 41.400483 16.643317 19.924859 49.406477 54.332311 79.378838 60.207973 60.166436 25.495098 59.076222 82.346828 62.968246 34.205263 48.466483 60.901560 80.659779 93.134312 91.416629 80.529498 39.000000 60.671245 57.584720 36.359318 30.364453 52.402290 39.458839 46.270941 80.262071 34.669872 64.000000 83.240615 39.824616 25.079872 52.345009 75.643903 32.280025 35.735137 53.009433 88.566359 35.171011 74.276510 78.434686 0.000000 63.126856 54.147945 51.662365 
61 56.400355 39.623226 39.000000 65.795137 66.610810 55.901699 42.449971 17.204651 27.856777 42.720019 64.124878 50.289164 41.231056 60.415230 28.844410 40.000000 10.000000 41.725292 49.254441 70.611614 55.605755 13.453624 32.310989 9.486833 20.615528 39.051248 60.901560 32.310989 53.851648 32.695565 66.528190 35.440090 59.135438 30.016662 52.497619 31.622777 62.481997 5.830952 72.201108 51.623638 36.400549 39.204592 77.369245 84.403791 45.398238 50.606324 4.123106 45.122057 58.796258 40.447497 47.169906 35.510562 64.350602 29.832868 10.440307 28.653098 31.780497 55.731499 31.953091 63.126856 0.000000 12.041595 46.324939 
62 44.407207 40.311289 44.407207 61.854668 54.918121 49.396356 52.924474 6.082763 38.948684 48.373546 55.145263 46.647615 48.010416 49.244289 28.301943 32.015621 14.035669 29.698485 42.059482 64.257295 43.829214 2.000000 30.413813 6.082763 12.649111 29.017236 49.658836 43.416587 43.416587 21.587033 54.561891 26.019224 51.244512 40.024992 48.877398 42.485292 50.447993 14.317821 60.464866 49.497475 25.495098 41.785165 73.817342 72.422372 39.924930 48.104054 10.770330 40.706265 46.754679 34.014703 35.777088 30.886890 52.478567 25.000000 5.099020 34.525353 20.615528 47.000000 29.732137 54.147945 12.041595 0.000000 34.885527 
