#

param c:
    1  2  3  4  5  6  7  8  9 10 11 12 13 14 15 16 17 18 19 20 21 22 23 24 25 26 27 28 29 30 31 32 33 34 35 36 37 38 39 40 41 42 43 44 45 46 47 48 49 50 51 52 53 54 55 56 57 58 59 60 61 :=
 1 0.000000 37.735925 54.918121 38.470768 32.984845 61.220911 48.166378 14.000000 50.990195 10.000000 41.761226 32.557641 24.738634 14.422205 8.246211 36.055513 40.000000 22.360680 44.944410 17.088007 48.414874 63.150614 28.071338 14.000000 29.732137 38.832976 36.055513 51.419841 26.076810 59.093147 42.190046 36.055513 43.863424 28.635642 30.000000 37.947332 63.560994 56.320511 42.755117 10.198039 36.769553 49.517674 34.000000 31.304952 27.202941 61.188234 72.111026 36.055513 38.470768 43.863424 14.560220 10.770330 38.626416 50.990195 71.217975 12.806248 48.166378 31.304952 29.732137 49.477268 30.265492 
 2 37.735925 0.000000 78.638413 71.386273 65.604878 82.000000 65.969690 50.159745 71.386273 28.635642 72.443081 14.000000 51.107729 40.000000 45.650849 70.342022 14.422205 32.310989 27.202941 50.000000 64.560050 60.827625 56.603887 50.159745 60.827625 55.317267 69.656299 53.254108 18.973666 65.513357 77.794601 22.360680 80.919713 66.241981 14.560220 25.612497 69.339743 89.106678 74.966659 28.425341 58.309519 67.911707 71.693793 66.483081 13.416408 92.347171 94.148818 34.000000 19.798990 72.027772 44.045431 29.732137 34.234486 71.386273 91.214034 50.000000 45.607017 34.234486 42.755117 80.399005 16.124515 
 3 54.918121 78.638413 0.000000 25.298221 72.718636 8.246211 15.231546 43.863424 8.944272 56.462377 18.973666 81.608823 74.966659 68.410526 49.678969 29.732137 70.028566 77.175126 63.150614 38.418745 17.888544 46.690470 75.286121 43.863424 26.907248 24.083189 72.470684 39.446166 77.252832 32.557641 34.234486 88.022724 64.031242 46.518813 64.280635 58.309519 34.409301 26.000000 22.360680 62.609903 20.396078 13.416408 48.703183 66.241981 75.286121 22.803509 17.204651 48.373546 64.124878 13.416408 66.603303 53.851648 93.059121 8.944272 17.204651 55.172457 45.694639 86.092973 36.055513 18.110770 80.324343 
 4 38.470768 71.386273 25.298221 0.000000 48.414874 33.526109 30.594117 24.738634 28.000000 44.045431 6.324555 70.000000 53.254108 49.396356 31.048349 4.472136 67.230945 60.166436 64.899923 22.000000 32.984845 61.741396 52.497619 24.738634 10.770330 30.528675 47.707442 51.107729 64.124878 50.000000 10.770330 74.431176 38.832976 21.633308 58.821765 58.309519 53.366656 18.000000 4.472136 48.166378 23.323808 30.265492 23.409400 41.617304 64.031242 22.803509 40.496913 50.000000 62.609903 12.165525 46.518813 42.190046 76.655072 28.000000 42.047592 34.000000 54.037024 68.963759 35.608988 11.661904 68.029405 
 5 32.984845 65.604878 72.718636 48.414874 0.000000 80.622577 72.111026 32.557641 72.498276 42.379240 54.405882 55.172457 16.124515 25.612497 30.000000 44.045431 71.554175 35.608988 77.794601 38.832976 73.375745 94.085068 10.770330 32.557641 46.518813 65.513357 4.472136 82.097503 48.083261 87.475711 44.045431 53.254108 22.000000 26.907248 61.741396 70.880181 91.782351 61.220911 52.497619 38.470768 60.728906 72.801099 27.202941 7.211103 52.497619 68.117545 88.814413 68.731361 70.936591 59.363288 21.633308 43.680659 47.539457 72.498276 89.888820 22.000000 80.099938 40.249224 60.033324 59.464275 52.345009 
 6 61.220911 82.000000 8.246211 33.526109 80.622577 0.000000 16.124515 50.990195 10.770330 61.773781 27.202941 86.162637 82.219219 75.073298 56.568542 37.947332 72.249567 83.234608 64.124878 45.254834 18.000000 43.266615 82.800966 50.990195 34.409301 26.683328 80.498447 37.947332 82.292162 28.844410 42.426407 93.037627 72.277244 54.626001 67.468511 60.033324 29.732137 32.984845 30.594117 68.264193 25.059928 14.142136 56.920998 74.242845 79.849859 28.635642 12.165525 50.039984 66.121101 21.540659 73.539105 59.059292 98.792712 10.770330 10.000000 62.481997 45.122057 92.086915 39.293765 26.000000 85.088190 
 7 48.166378 65.969690 15.231546 30.594117 72.111026 16.124515 0.000000 40.249224 6.324555 47.201695 25.298221 70.682388 71.021124 62.481997 44.944410 34.234486 56.142675 69.426220 48.373546 34.000000 2.828427 32.802439 72.470684 40.249224 26.305893 10.770330 72.801099 24.413111 67.230945 19.697716 41.231056 77.897368 68.029405 48.373546 51.419841 44.000000 22.803509 38.418745 29.732137 54.037024 11.661904 2.000000 52.038447 66.483081 64.404969 36.878178 28.284271 34.000000 50.039984 19.697716 61.611687 44.407207 84.403791 6.324555 25.298221 51.884487 30.463092 78.102497 23.409400 28.844410 69.771054 
 8 14.000000 50.159745 43.863424 24.738634 32.557641 50.990195 40.249224 0.000000 41.617304 21.540659 28.635642 46.389654 31.240999 25.059928 6.324555 22.090722 49.678969 35.440090 51.613952 6.324555 41.231056 62.032250 32.249031 0.000000 17.204651 32.984845 34.058773 50.039984 40.049969 54.918121 28.284271 50.039984 35.777088 16.970563 40.000000 44.407207 59.228372 42.426407 29.120440 24.083189 28.635642 41.182521 22.627417 28.000000 40.792156 47.539457 60.959003 39.395431 46.690470 31.622777 22.803509 20.591260 51.923020 41.617304 60.827625 11.661904 49.030603 44.271887 28.284271 36.055513 44.181444 
 9 50.990195 71.386273 8.944272 28.000000 72.498276 10.770330 6.324555 41.617304 0.000000 51.107729 22.090722 75.392307 72.801099 65.053824 46.861498 32.062439 62.032250 72.801099 54.589376 35.608988 8.944272 38.209946 73.783467 41.617304 26.000000 16.124515 72.801099 30.528675 71.554175 24.413111 38.209946 82.292162 66.483081 47.539457 56.885851 50.039984 26.832816 33.286634 26.305893 57.688820 14.422205 4.472136 50.635956 66.483081 69.079664 31.112698 22.803509 40.049969 56.000000 16.124515 63.780875 48.373546 88.204308 0.000000 20.591260 53.254108 36.769553 81.608823 28.635642 24.166092 74.323617 
10 10.000000 28.635642 56.462377 44.045431 42.379240 61.773781 47.201695 21.540659 51.107729 0.000000 46.173586 26.076810 32.000000 20.099751 17.204651 42.426407 30.000000 22.803509 35.440090 22.090722 46.861498 56.920998 36.221541 21.540659 34.058773 36.878178 45.694639 45.694639 20.880613 54.918121 49.477268 31.622777 53.814496 37.735925 20.000000 28.635642 59.363288 62.032250 48.000000 7.211103 36.715120 48.826222 43.266615 41.182521 20.000000 66.121101 73.348483 28.284271 28.635642 47.074409 22.090722 2.828427 37.202150 51.107729 71.693793 22.803509 41.231056 31.112698 25.612497 54.147945 24.331050 
11 41.761226 72.443081 18.973666 6.324555 54.405882 27.202941 25.298221 28.635642 22.090722 46.173586 0.000000 72.249567 58.412327 53.665631 34.928498 10.770330 67.052218 63.906181 63.529521 24.738634 27.856777 57.306195 58.000000 28.635642 12.165525 26.907248 53.851648 47.201695 66.753277 44.944410 16.124515 77.278716 45.122057 27.784888 59.228372 57.271284 48.083261 17.088007 4.472136 50.990195 19.798990 24.738634 29.732137 47.707442 66.121101 20.000000 34.409301 48.373546 62.032250 6.000000 51.107729 44.045431 80.324343 22.090722 35.777088 38.832976 50.911688 72.801099 34.000000 8.000000 70.455660 
12 32.557641 14.000000 81.608823 70.000000 55.172457 86.162637 70.682388 46.389654 75.392307 26.076810 72.249567 0.000000 39.698866 30.000000 40.792156 68.117545 27.202941 20.000000 39.395431 48.000000 69.771054 71.217975 45.343136 46.389654 60.133186 59.933296 59.464275 62.225397 7.211103 73.756356 74.672619 8.944272 72.718636 60.728906 22.803509 36.055513 77.897368 88.000000 74.027022 22.360680 61.351447 72.498276 65.787537 57.201399 6.324555 92.195445 98.081599 42.426407 31.304952 72.993150 34.409301 28.284271 20.396078 75.392307 95.854056 43.081318 55.317267 20.396078 47.413078 80.224684 2.828427 
13 24.738634 51.107729 74.966659 53.254108 16.124515 82.219219 71.021124 31.240999 72.801099 32.000000 58.412327 39.698866 0.000000 12.165525 26.076810 49.396356 58.821765 19.798990 66.753277 37.202150 71.693793 87.863531 5.656854 31.240999 48.083261 62.609903 20.591260 76.157731 32.802439 83.570330 52.000000 37.202150 36.878178 34.176015 49.477268 60.299254 88.022724 68.876701 57.688820 26.305893 59.363288 72.111026 36.878178 20.396078 37.735925 75.179785 91.934759 60.133186 59.228372 62.289646 10.198039 34.058773 31.622777 72.801099 92.021737 19.798990 72.691127 24.166092 54.405882 64.899923 36.878178 
14 14.422205 40.000000 68.410526 49.396356 25.612497 75.073298 62.481997 25.059928 65.053824 20.099751 53.665631 30.000000 12.165525 0.000000 18.867962 46.173586 46.818800 12.165525 54.589376 30.000000 62.801274 76.655072 17.088007 25.059928 42.190046 53.254108 29.732137 65.145990 22.803509 73.348483 50.635956 29.732137 42.941821 34.000000 37.363083 48.166378 77.820306 66.483081 53.851648 14.142136 50.990195 63.780875 38.209946 27.202941 26.907248 72.111026 85.603738 48.373546 47.074409 56.603887 4.472136 22.360680 28.071338 65.053824 85.041167 16.124515 61.188234 20.099751 43.863424 60.926185 27.202941 
15 8.246211 45.650849 49.678969 31.048349 30.000000 56.568542 44.944410 6.324555 46.861498 17.204651 34.928498 40.792156 26.076810 18.867962 0.000000 28.284271 46.690470 29.120440 50.119856 11.313708 45.650849 64.124878 27.856777 6.324555 23.323808 36.769553 32.249031 52.153619 34.234486 58.240879 34.058773 44.000000 37.202150 20.591260 36.769553 42.941821 62.641839 48.662100 35.440090 18.439089 33.286634 46.043458 26.076810 26.683328 35.440090 53.851648 66.843100 39.293765 44.407207 37.735925 16.970563 16.970563 45.607017 46.861498 66.483081 8.000000 50.159745 37.947332 30.066593 42.379240 38.470768 
16 36.055513 70.342022 29.732137 4.472136 44.045431 37.947332 34.234486 22.090722 32.062439 42.426407 10.770330 68.117545 49.396356 46.173586 28.284271 0.000000 67.082039 57.271284 65.604878 20.396078 36.496575 64.621978 48.414874 22.090722 11.313708 33.105891 43.266615 53.665631 62.000000 53.366656 8.485281 72.111026 34.525353 17.204651 58.309519 58.821765 56.885851 20.396078 8.485281 46.000000 26.000000 34.058773 18.973666 37.202150 62.289646 26.000000 44.944410 50.990195 62.769419 16.492423 43.081318 40.792156 73.756356 32.062439 46.518813 30.463092 56.035703 65.969690 36.769553 15.620499 66.030296 
17 40.000000 14.422205 70.028566 67.230945 71.554175 72.249567 56.142675 49.678969 62.032250 30.000000 67.052218 27.202941 58.821765 46.818800 46.690470 67.082039 0.000000 42.190046 12.806248 47.707442 54.332311 46.861498 63.906181 49.678969 56.462377 46.000000 75.179785 40.249224 30.066593 52.801515 75.179785 36.055513 83.737686 66.603303 10.000000 12.649111 56.356011 84.118963 70.228199 33.105891 50.358713 58.137767 72.249567 71.021124 24.083189 86.348133 84.380092 22.360680 6.324555 65.513357 50.159745 29.732137 47.539457 62.032250 80.894994 52.801515 32.249031 46.173586 34.234486 74.726167 28.635642 
18 22.360680 32.310989 77.175126 60.166436 35.608988 83.234608 69.426220 35.440090 72.801099 22.803509 63.906181 20.000000 19.798990 12.165525 29.120440 57.271284 42.190046 0.000000 52.153619 39.395431 69.310894 78.790862 25.455844 35.440090 52.000000 59.396970 40.000000 68.000000 13.416408 77.665951 62.289646 17.888544 54.626001 46.043458 34.058773 46.690470 82.097503 77.665951 64.560050 15.620499 58.412327 70.936591 50.358713 38.470768 18.973666 82.969874 94.339811 49.396356 44.045431 66.211781 16.492423 25.612497 16.492423 72.801099 93.230896 28.000000 62.769419 8.944272 48.414874 71.470274 17.204651 
19 44.944410 27.202941 63.150614 64.899923 77.794601 64.124878 48.373546 51.613952 54.589376 35.440090 63.529521 39.395431 66.753277 54.589376 50.119856 65.604878 12.806248 52.153619 0.000000 48.166378 46.173586 34.409301 71.386273 51.613952 54.405882 39.293765 80.993827 29.120440 41.231056 41.761226 74.027022 48.332184 87.132084 68.410526 18.110770 7.211103 44.944410 80.498447 67.230945 40.447497 44.944410 50.358713 74.027022 76.157731 35.440090 81.706793 76.026311 15.231546 8.246211 60.926185 57.271284 34.176015 59.464275 54.589376 72.027772 57.271284 20.880613 57.271284 29.529646 70.682388 40.496913 
20 17.088007 50.000000 38.418745 22.000000 38.832976 45.254834 34.000000 6.324555 35.608988 22.090722 24.738634 48.000000 37.202150 30.000000 11.313708 20.396078 47.707442 39.395431 48.166378 0.000000 34.928498 56.142675 38.470768 6.324555 12.649111 26.683328 40.199502 44.181444 42.190046 48.662100 27.856777 52.611786 40.496913 20.591260 38.470768 41.036569 52.952809 40.000000 26.076810 26.305893 22.360680 34.985711 26.076810 34.058773 42.047592 44.407207 55.605755 34.985711 44.045431 26.832816 28.284271 20.396078 55.713553 35.608988 55.172457 17.888544 43.680659 48.332184 22.803509 32.557641 46.043458 
21 48.414874 64.560050 17.888544 32.984845 73.375745 18.000000 2.828427 41.231056 8.944272 46.861498 27.856777 69.771054 71.693793 62.801274 45.650849 36.496575 54.332311 69.310894 46.173586 34.928498 0.000000 30.000000 73.348483 41.231056 28.071338 10.000000 74.215901 21.633308 66.573268 17.088007 43.680659 77.175126 70.000000 50.159745 50.000000 42.047592 20.396078 41.231056 32.310989 53.814496 12.649111 4.472136 54.000000 67.911707 63.529521 39.698866 30.066593 32.062439 48.166378 22.360680 62.128898 44.045431 84.023806 8.944272 26.683328 52.801515 27.856777 77.897368 22.360680 31.622777 68.963759 
22 63.150614 60.827625 46.690470 61.741396 94.085068 43.266615 32.802439 62.032250 38.209946 56.920998 57.306195 71.217975 87.863531 76.655072 64.124878 64.621978 46.861498 78.790862 34.409301 56.142675 30.000000 0.000000 91.082380 62.032250 54.405882 31.622777 96.000000 12.000000 71.021124 14.422205 72.498276 80.000000 95.707889 75.312682 48.414874 35.383612 14.560220 71.217975 61.773781 63.906181 38.626416 34.058773 80.049984 90.022219 66.030296 69.310894 52.801515 29.529646 41.036569 52.153619 77.665951 54.405882 89.888820 38.209946 47.539457 72.111026 16.124515 85.883642 34.058773 61.611687 71.610055 
23 28.071338 56.603887 75.286121 52.497619 10.770330 82.800966 72.470684 32.249031 73.783467 36.221541 58.000000 45.343136 5.656854 17.088007 27.856777 48.414874 63.906181 25.455844 71.386273 38.470768 73.348483 91.082380 0.000000 32.249031 48.414874 64.621978 15.231546 79.246451 38.418745 86.023253 50.119856 42.801869 32.249031 32.249031 54.405882 64.776539 90.443352 67.230945 56.850682 31.048349 60.827625 73.430239 34.176015 16.000000 43.266615 73.783467 92.021737 64.000000 64.031242 62.289646 14.142136 38.052595 36.769553 73.783467 92.455395 20.591260 76.236474 29.529646 57.271284 64.031242 42.520583 
24 14.000000 50.159745 43.863424 24.738634 32.557641 50.990195 40.249224 0.000000 41.617304 21.540659 28.635642 46.389654 31.240999 25.059928 6.324555 22.090722 49.678969 35.440090 51.613952 6.324555 41.231056 62.032250 32.249031 0.000000 17.204651 32.984845 34.058773 50.039984 40.049969 54.918121 28.284271 50.039984 35.777088 16.970563 40.000000 44.407207 59.228372 42.426407 29.120440 24.083189 28.635642 41.182521 22.627417 28.000000 40.792156 47.539457 60.959003 39.395431 46.690470 31.622777 22.803509 20.591260 51.923020 41.617304 60.827625 11.661904 49.030603 44.271887 28.284271 36.055513 44.181444 
25 29.732137 60.827625 26.907248 10.770330 46.518813 34.409301 26.305893 17.204651 26.000000 34.058773 12.165525 60.133186 48.083261 42.190046 23.323808 11.313708 56.462377 52.000000 54.405882 12.649111 28.071338 54.405882 48.414874 17.204651 0.000000 22.803509 46.818800 43.081318 54.589376 44.181444 19.798990 65.115282 42.047592 22.090722 48.083261 47.707442 48.041649 28.284271 14.142136 38.832976 16.124515 26.683328 26.076810 40.496913 54.037024 32.062439 43.863424 39.698866 51.884487 14.422205 40.000000 32.000000 68.352030 26.000000 44.045431 28.284271 44.944410 60.926185 25.455844 20.099751 58.309519 
26 38.832976 55.317267 24.083189 30.528675 65.513357 26.683328 10.770330 32.984845 16.124515 36.878178 26.907248 59.933296 62.609903 53.254108 36.769553 33.105891 46.000000 59.396970 39.293765 26.683328 10.000000 31.622777 64.621978 32.984845 22.803509 0.000000 66.753277 20.591260 56.603887 22.090722 41.182521 67.230945 64.498062 44.181444 40.792156 34.234486 26.305893 42.801869 31.240999 43.863424 7.211103 12.649111 48.662100 60.530984 53.665631 42.941821 38.832976 24.331050 40.049969 22.803509 52.839379 34.058773 74.027022 16.124515 36.055513 44.271887 24.083189 67.941151 12.649111 32.802439 59.059292 
27 36.055513 69.656299 72.470684 47.707442 4.472136 80.498447 72.801099 34.058773 72.801099 45.694639 53.851648 59.464275 20.591260 29.732137 32.249031 43.266615 75.179785 40.000000 80.993827 40.199502 74.215901 96.000000 15.231546 34.058773 46.818800 66.753277 0.000000 84.000000 52.345009 88.814413 42.426407 57.688820 18.110770 26.076810 65.299311 74.000000 93.059121 59.464275 51.613952 42.190046 61.611687 73.375745 25.455844 6.324555 56.639209 66.483081 88.204308 71.386273 74.323617 59.059292 25.612497 46.818800 52.000000 72.801099 89.554453 24.331050 82.389320 44.721360 62.032250 58.412327 56.639209 
28 51.419841 53.254108 39.446166 51.107729 82.097503 37.947332 24.413111 50.039984 30.528675 45.694639 47.201695 62.225397 76.157731 65.145990 52.153619 53.665631 40.249224 68.000000 29.120440 44.181444 21.633308 12.000000 79.246451 50.039984 43.081318 20.591260 84.000000 0.000000 61.220911 12.649111 61.773781 70.767224 83.952367 63.560994 39.698866 27.784888 16.124515 62.225397 51.613952 52.801515 27.784888 26.076810 68.410526 78.025637 56.639209 61.220911 49.030603 19.798990 34.000000 42.520583 65.969690 43.081318 80.000000 30.528675 44.407207 60.133186 8.246211 75.471849 22.090722 52.345009 62.289646 
29 26.076810 18.973666 77.252832 64.124878 48.083261 82.292162 67.230945 40.049969 71.554175 20.880613 66.753277 7.211103 32.802439 22.803509 34.234486 62.000000 30.066593 13.416408 41.231056 42.190046 66.573268 71.021124 38.418745 40.049969 54.589376 56.603887 52.345009 61.220911 0.000000 72.138755 68.264193 10.770330 65.513357 53.851648 23.409400 36.769553 76.419893 82.097503 68.264193 16.000000 57.271284 68.963759 58.821765 50.000000 6.000000 86.579443 94.021274 41.617304 32.984845 67.911707 27.202941 23.409400 18.867962 71.554175 92.130342 36.055513 54.918121 16.124515 44.407207 74.672619 4.472136 
30 59.093147 65.513357 32.557641 50.000000 87.475711 28.844410 19.697716 54.918121 24.413111 54.918121 44.944410 73.756356 83.570330 73.348483 58.240879 53.366656 52.801515 77.665951 41.761226 48.662100 17.088007 14.422205 86.023253 54.918121 44.181444 22.090722 88.814413 12.649111 72.138755 0.000000 60.728906 82.073138 86.209048 66.030296 51.613952 40.249224 4.472136 57.688820 49.396356 62.128898 28.071338 20.591260 70.256672 82.607506 67.941151 55.317267 38.626416 31.622777 46.518813 39.395431 73.539105 52.153619 90.686272 24.413111 33.526109 65.969690 20.880613 85.603738 29.529646 48.373546 73.593478 
31 42.190046 77.794601 34.234486 10.770330 44.045431 42.426407 41.231056 28.284271 38.209946 49.477268 16.124515 74.672619 52.000000 50.635956 34.058773 8.485281 75.179785 62.289646 74.027022 27.856777 43.680659 72.498276 50.119856 28.284271 19.798990 41.182521 42.426407 61.773781 68.264193 60.728906 0.000000 78.025637 30.463092 17.888544 66.211781 67.201190 64.031242 17.204651 12.000000 52.345009 34.000000 40.792156 16.970563 36.878178 69.050706 24.083189 47.539457 59.464275 71.021124 22.090722 47.074409 48.083261 78.638413 38.209946 50.000000 34.525353 64.404969 70.710678 45.254834 17.088007 72.443081 
32 36.055513 22.360680 88.022724 74.431176 53.254108 93.037627 77.897368 50.039984 82.292162 31.622777 77.278716 8.944272 37.202150 29.732137 44.000000 72.111026 36.055513 17.888544 48.332184 52.611786 77.175126 80.000000 42.801869 50.039984 65.115282 67.230945 57.688820 70.767224 10.770330 82.073138 78.025637 0.000000 72.498276 62.801274 31.622777 44.944410 86.278618 92.347171 78.638413 26.305893 68.029405 79.649231 67.468511 56.356011 14.142136 97.015463 104.785495 50.990195 40.249224 78.587531 34.176015 34.176015 12.000000 82.292162 102.859127 44.721360 64.031242 14.422205 54.918121 85.158675 8.485281 
33 43.863424 80.919713 64.031242 38.832976 22.000000 72.277244 68.029405 35.777088 66.483081 53.814496 45.122057 72.718636 36.878178 42.941821 37.202150 34.525353 83.737686 54.626001 87.132084 40.496913 70.000000 95.707889 32.249031 35.777088 42.047592 64.498062 18.110770 83.952367 65.513357 86.209048 30.463092 72.498276 0.000000 20.396078 73.756356 79.924965 90.088845 46.043458 41.761226 52.497619 58.137767 68.117545 16.000000 16.492423 68.818602 53.254108 78.000000 75.153177 81.608823 50.990195 38.470768 54.037024 68.410526 66.483081 80.324343 31.112698 84.118963 60.728906 63.245553 47.539457 69.971423 
34 28.635642 66.241981 46.518813 21.633308 26.907248 54.626001 48.373546 16.970563 47.539457 37.735925 27.784888 60.728906 34.176015 34.000000 20.591260 17.204651 66.603303 46.043458 68.410526 20.591260 50.159745 75.312682 32.249031 16.970563 22.090722 44.181444 26.076810 63.560994 53.851648 66.030296 17.888544 62.801274 20.396078 0.000000 56.850682 61.220911 70.000000 34.985711 25.612497 38.626416 38.000000 48.662100 5.656854 20.000000 55.713553 41.617304 62.128898 55.569776 63.655322 33.105891 30.066593 37.202150 62.032250 47.539457 63.529521 18.110770 63.906181 54.037024 43.081318 32.557641 58.240879 
35 30.000000 14.560220 64.280635 58.821765 61.741396 67.468511 51.419841 40.000000 56.885851 20.000000 59.228372 22.803509 49.477268 37.363083 36.769553 58.309519 10.000000 34.058773 18.110770 38.470768 50.000000 48.414874 54.405882 40.000000 48.083261 40.792156 65.299311 39.698866 23.409400 51.613952 66.211781 31.622777 73.756356 56.850682 0.000000 13.416408 55.605755 76.157731 62.096699 23.409400 44.045431 53.366656 62.481997 61.057350 17.888544 78.917679 79.624117 20.000000 10.000000 58.309519 40.496913 19.798990 42.047592 56.885851 76.655072 42.801869 32.557641 39.293765 28.284271 67.082039 23.323808 
36 37.947332 25.612497 58.309519 58.309519 70.880181 60.033324 44.000000 44.407207 50.039984 28.635642 57.271284 36.055513 60.299254 48.166378 42.941821 58.821765 12.649111 46.690470 7.211103 41.036569 42.047592 35.383612 64.776539 44.407207 47.707442 34.234486 74.000000 27.784888 36.769553 40.249224 67.201190 44.944410 79.924965 61.220911 13.416408 0.000000 43.908997 74.323617 60.827625 34.058773 39.293765 46.000000 66.843100 69.079664 31.304952 75.894664 72.111026 10.000000 6.324555 55.027266 50.635956 27.202941 55.461698 50.039984 68.468971 50.159745 20.000000 52.497619 23.409400 64.621978 36.715120 
37 63.560994 69.339743 34.409301 53.366656 91.782351 29.732137 22.803509 59.228372 26.832816 59.363288 48.083261 77.897368 88.022724 77.820306 62.641839 56.885851 56.356011 82.097503 44.944410 52.952809 20.396078 14.560220 90.443352 59.228372 48.041649 26.305893 93.059121 16.124515 76.419893 4.472136 64.031242 86.278618 90.088845 70.000000 55.605755 43.908997 0.000000 60.033324 52.497619 66.573268 32.000000 23.409400 74.108029 86.833173 72.138755 57.201399 38.470768 35.608988 50.119856 42.379240 78.000000 56.603887 95.015788 26.832816 33.105891 70.342022 24.166092 90.000000 34.000000 50.990195 77.794601 
38 56.320511 89.106678 26.000000 18.000000 61.220911 32.984845 38.418745 42.426407 33.286634 62.032250 17.088007 88.000000 68.876701 66.483081 48.662100 20.396078 84.118963 77.665951 80.498447 40.000000 41.231056 71.217975 67.230945 42.426407 28.284271 42.801869 59.464275 62.225397 82.097503 57.688820 17.204651 92.347171 46.043458 34.985711 76.157731 74.323617 60.033324 0.000000 14.142136 66.121101 36.055513 37.202150 34.058773 54.037024 82.024387 7.211103 34.234486 65.299311 79.120162 20.000000 63.245553 60.133186 94.148818 33.286634 38.000000 50.596443 66.843100 86.348133 50.990195 10.000000 86.023253 
39 42.755117 74.966659 22.360680 4.472136 52.497619 30.594117 29.732137 29.120440 26.305893 48.000000 4.472136 74.027022 57.688820 53.851648 35.440090 8.485281 70.228199 64.560050 67.230945 26.076810 32.310989 61.773781 56.850682 29.120440 14.142136 31.240999 51.613952 51.613952 68.264193 49.396356 12.000000 78.638413 41.761226 25.612497 62.096699 60.827625 52.497619 14.142136 0.000000 52.345009 24.083189 29.120440 26.832816 45.607017 68.000000 18.439089 36.715120 52.153619 65.391131 10.198039 50.990195 46.043458 81.043198 26.305893 38.626416 38.470768 55.172457 73.375745 37.735925 7.211103 72.111026 
40 10.198039 28.425341 62.609903 48.166378 38.470768 68.264193 54.037024 24.083189 57.688820 7.211103 50.990195 22.360680 26.305893 14.142136 18.439089 46.000000 33.105891 15.620499 40.447497 26.305893 53.814496 63.906181 31.048349 24.083189 38.832976 43.863424 42.190046 52.801515 16.000000 62.128898 52.345009 26.305893 52.497619 38.626416 23.409400 34.058773 66.573268 66.121101 52.345009 0.000000 43.266615 55.605755 43.863424 38.418745 17.088007 70.710678 79.649231 34.928498 32.984845 52.497619 17.088007 10.000000 30.528675 57.688820 78.230429 21.633308 48.083261 24.083189 32.802439 58.855756 20.099751 
41 36.769553 58.309519 20.396078 23.323808 60.728906 25.059928 11.661904 28.635642 14.422205 36.715120 19.798990 61.351447 59.363288 50.990195 33.286634 26.000000 50.358713 58.412327 44.944410 22.360680 12.649111 38.626416 60.827625 28.635642 16.124515 7.211103 61.611687 27.784888 57.271284 28.071338 34.000000 68.029405 58.137767 38.000000 44.045431 39.293765 32.000000 36.055513 24.083189 43.266615 0.000000 12.806248 42.190046 55.317267 55.027266 36.769553 36.769553 29.732137 44.721360 16.124515 50.000000 34.000000 73.783467 14.422205 34.985711 40.249224 31.112698 67.201190 16.124515 26.076810 60.166436 
42 49.517674 67.911707 13.416408 30.265492 72.801099 14.142136 2.000000 41.182521 4.472136 48.826222 24.738634 72.498276 72.111026 63.780875 46.043458 34.058773 58.137767 70.936591 50.358713 34.985711 4.472136 34.058773 73.430239 41.182521 26.683328 12.649111 73.375745 26.076810 68.963759 20.591260 40.792156 79.649231 68.117545 48.662100 53.366656 46.000000 23.409400 37.202150 29.120440 55.605755 12.806248 0.000000 52.153619 67.052218 66.211781 35.383612 26.305893 36.000000 52.038447 18.973666 62.801274 46.043458 86.023253 4.472136 23.409400 52.839379 32.310989 79.649231 25.298221 27.784888 71.554175 
43 34.000000 71.693793 48.703183 23.409400 27.202941 56.920998 52.038447 22.627417 50.635956 43.266615 29.732137 65.787537 36.878178 38.209946 26.076810 18.973666 72.249567 50.358713 74.027022 26.076810 54.000000 80.049984 34.176015 22.627417 26.076810 48.662100 25.455844 68.410526 58.821765 70.256672 16.970563 67.468511 16.000000 5.656854 62.481997 66.843100 74.108029 34.058773 26.832816 43.863424 42.190046 52.153619 0.000000 20.000000 60.926185 41.036569 63.529521 61.057350 69.310894 35.440090 34.058773 42.801869 66.030296 50.635956 65.391131 22.803509 69.079664 58.034473 48.332184 33.286634 63.245553 
44 31.304952 66.483081 66.241981 41.617304 7.211103 74.242845 66.483081 28.000000 66.483081 41.182521 47.707442 57.201399 20.396078 27.202941 26.683328 37.202150 71.021124 38.470768 76.157731 34.058773 67.911707 90.022219 16.000000 28.000000 40.496913 60.530984 6.324555 78.025637 50.000000 82.607506 36.878178 56.356011 16.492423 20.000000 61.057350 69.079664 86.833173 54.037024 45.607017 38.418745 55.317267 67.052218 20.000000 0.000000 53.814496 60.959003 82.097503 65.969690 69.771054 52.839379 22.803509 42.047592 51.923020 66.483081 83.354664 18.973666 76.655072 44.271887 56.142675 52.497619 54.405882 
45 27.202941 13.416408 75.286121 64.031242 52.497619 79.849859 64.404969 40.792156 69.079664 20.000000 66.121101 6.324555 37.735925 26.907248 35.440090 62.289646 24.083189 18.973666 35.440090 42.047592 63.529521 66.030296 43.266615 40.792156 54.037024 53.665631 56.639209 56.639209 6.000000 67.941151 69.050706 14.142136 68.818602 55.713553 17.888544 31.304952 72.138755 82.024387 68.000000 17.088007 55.027266 66.211781 60.926185 53.814496 0.000000 86.092973 91.760558 36.878178 27.202941 66.753277 31.112698 22.090722 24.166092 69.079664 89.554453 38.470768 50.000000 22.090722 41.182521 74.108029 5.656854 
46 61.188234 92.347171 22.803509 22.803509 68.117545 28.635642 36.878178 47.539457 31.112698 66.121101 20.000000 92.195445 75.179785 72.111026 53.851648 26.000000 86.348133 82.969874 81.706793 44.407207 39.698866 69.310894 73.783467 47.539457 32.062439 42.941821 66.483081 61.220911 86.579443 55.317267 24.083189 97.015463 53.254108 41.617304 78.917679 75.894664 57.201399 7.211103 18.439089 70.710678 36.769553 35.383612 41.036569 60.959003 86.092973 0.000000 28.000000 66.483081 81.043198 20.880613 69.079664 64.031242 99.458534 31.112698 32.249031 56.462377 66.573268 91.760558 52.497619 12.000000 90.354856 
47 72.111026 94.148818 17.204651 40.496913 88.814413 12.165525 28.284271 60.959003 22.803509 73.348483 34.409301 98.081599 91.934759 85.603738 66.843100 44.944410 84.380092 94.339811 76.026311 55.605755 30.066593 52.801515 92.021737 60.959003 43.863424 38.832976 88.204308 49.030603 94.021274 38.626416 47.539457 104.785495 78.000000 62.128898 79.624117 72.111026 38.470768 34.234486 36.715120 79.649231 36.769553 26.305893 63.529521 82.097503 91.760558 28.000000 0.000000 62.128898 78.230429 29.732137 83.737686 70.682388 110.145359 22.803509 5.656854 72.138755 56.568542 103.247276 51.419841 30.463092 96.932967 
48 36.055513 34.000000 48.373546 50.000000 68.731361 50.039984 34.000000 39.395431 40.049969 28.284271 48.373546 42.426407 60.133186 48.373546 39.293765 50.990195 22.360680 49.396356 15.231546 34.985711 32.062439 29.529646 64.000000 39.395431 39.698866 24.331050 71.386273 19.798990 41.617304 31.622777 59.464275 50.990195 75.153177 55.569776 20.000000 10.000000 35.608988 65.299311 52.153619 34.928498 29.732137 36.000000 61.057350 65.969690 36.878178 66.483081 62.128898 0.000000 16.124515 45.694639 50.039984 26.076810 60.464866 40.049969 58.549125 47.074409 13.416408 56.356011 14.422205 55.461698 42.520583 
49 38.470768 19.798990 64.124878 62.609903 70.936591 66.121101 50.039984 46.690470 56.000000 28.635642 62.032250 31.304952 59.228372 47.074409 44.407207 62.769419 6.324555 44.045431 8.246211 44.045431 48.166378 41.036569 64.031242 46.690470 51.884487 40.049969 74.323617 34.000000 32.984845 46.518813 71.021124 40.249224 81.608823 63.655322 10.000000 6.324555 50.119856 79.120162 65.391131 32.984845 44.721360 52.038447 69.310894 69.771054 27.202941 81.043198 78.230429 16.124515 0.000000 60.166436 50.000000 27.784888 51.264022 56.000000 74.672619 51.107729 26.076810 49.030603 28.635642 69.570109 32.310989 
50 43.863424 72.027772 13.416408 12.165525 59.363288 21.540659 19.697716 31.622777 16.124515 47.074409 6.000000 72.993150 62.289646 56.603887 37.735925 16.492423 65.513357 66.211781 60.926185 26.832816 22.360680 52.153619 62.289646 31.622777 14.422205 22.803509 59.059292 42.520583 67.911707 39.395431 22.090722 78.587531 50.990195 33.105891 58.309519 55.027266 42.379240 20.000000 10.198039 52.497619 16.124515 18.973666 35.440090 52.839379 66.753277 20.880613 29.732137 45.694639 60.166436 0.000000 54.405882 44.721360 82.462113 16.124515 30.528675 42.520583 46.861498 75.153177 31.622777 10.000000 71.386273 
51 14.560220 44.045431 66.603303 46.518813 21.633308 73.539105 61.611687 22.803509 63.780875 22.090722 51.107729 34.409301 10.198039 4.472136 16.970563 43.081318 50.159745 16.492423 57.271284 28.284271 62.128898 77.665951 14.142136 22.803509 40.000000 52.839379 25.612497 65.969690 27.202941 73.539105 47.074409 34.176015 38.470768 30.066593 40.496913 50.635956 78.000000 63.245553 50.990195 17.088007 50.000000 62.801274 34.058773 22.803509 31.112698 69.079664 83.737686 50.039984 50.000000 54.405882 0.000000 24.000000 32.000000 63.780875 83.450584 12.649111 62.513998 24.000000 44.271887 58.137767 31.622777 
52 10.770330 29.732137 53.851648 42.190046 43.680659 59.059292 44.407207 20.591260 48.373546 2.828427 44.045431 28.284271 34.058773 22.360680 16.970563 40.792156 29.732137 25.612497 34.176015 20.396078 44.045431 54.405882 38.052595 20.591260 32.000000 34.058773 46.818800 43.081318 23.409400 52.153619 48.083261 34.176015 54.037024 37.202150 19.798990 27.202941 56.603887 60.133186 46.043458 10.000000 34.000000 46.043458 42.801869 42.047592 22.090722 64.031242 70.682388 26.076810 27.784888 44.721360 24.000000 0.000000 40.000000 48.373546 68.963759 23.323808 38.832976 33.941125 22.803509 52.038447 26.683328 
53 38.626416 34.234486 93.059121 76.655072 47.539457 98.792712 84.403791 51.923020 88.204308 37.202150 80.324343 20.396078 31.622777 28.071338 45.607017 73.756356 47.539457 16.492423 59.464275 55.713553 84.023806 89.888820 36.769553 51.923020 68.352030 74.027022 52.000000 80.000000 18.867962 90.686272 78.638413 12.000000 68.410526 62.032250 42.047592 55.461698 95.015788 94.148818 81.043198 30.528675 73.783467 86.023253 66.030296 51.923020 24.166092 99.458534 110.145359 60.464866 51.264022 82.462113 32.000000 40.000000 0.000000 88.204308 108.756609 44.181444 73.783467 8.000000 62.289646 87.931792 18.973666 
54 50.990195 71.386273 8.944272 28.000000 72.498276 10.770330 6.324555 41.617304 0.000000 51.107729 22.090722 75.392307 72.801099 65.053824 46.861498 32.062439 62.032250 72.801099 54.589376 35.608988 8.944272 38.209946 73.783467 41.617304 26.000000 16.124515 72.801099 30.528675 71.554175 24.413111 38.209946 82.292162 66.483081 47.539457 56.885851 50.039984 26.832816 33.286634 26.305893 57.688820 14.422205 4.472136 50.635956 66.483081 69.079664 31.112698 22.803509 40.049969 56.000000 16.124515 63.780875 48.373546 88.204308 0.000000 20.591260 53.254108 36.769553 81.608823 28.635642 24.166092 74.323617 
55 71.217975 91.214034 17.204651 42.047592 89.888820 10.000000 25.298221 60.827625 20.591260 71.693793 35.777088 95.854056 92.021737 85.041167 66.483081 46.518813 80.894994 93.230896 72.027772 55.172457 26.683328 47.539457 92.455395 60.827625 44.045431 36.055513 89.554453 44.407207 92.130342 33.526109 50.000000 102.859127 80.324343 63.529521 76.655072 68.468971 33.105891 38.000000 38.626416 78.230429 34.985711 23.409400 65.391131 83.354664 89.554453 32.249031 5.656854 58.549125 74.672619 30.528675 83.450584 68.963759 108.756609 20.591260 0.000000 72.249567 52.153619 102.078401 48.703183 32.984845 94.847246 
56 12.806248 50.000000 55.172457 34.000000 22.000000 62.481997 51.884487 11.661904 53.254108 22.803509 38.832976 43.081318 19.798990 16.124515 8.000000 30.463092 52.801515 28.000000 57.271284 17.888544 52.801515 72.111026 20.591260 11.661904 28.284271 44.271887 24.331050 60.133186 36.055513 65.969690 34.525353 44.721360 31.112698 18.110770 42.801869 50.159745 70.342022 50.596443 38.470768 21.633308 40.249224 52.839379 22.803509 18.973666 38.470768 56.462377 72.138755 47.074409 51.107729 42.520583 12.649111 23.323808 44.181444 53.254108 72.249567 0.000000 58.137767 36.221541 38.052595 45.650849 40.496913 
57 48.166378 45.607017 45.694639 54.037024 80.099938 45.122057 30.463092 49.030603 36.769553 41.231056 50.911688 55.317267 72.691127 61.188234 50.159745 56.035703 32.249031 62.769419 20.880613 43.680659 27.856777 16.124515 76.236474 49.030603 44.944410 24.083189 82.389320 8.246211 54.918121 20.880613 64.404969 64.031242 84.118963 63.906181 32.557641 20.000000 24.166092 66.843100 55.172457 48.083261 31.112698 32.310989 69.079664 76.655072 50.000000 66.573268 56.568542 13.416408 26.076810 46.861498 62.513998 38.832976 73.783467 36.769553 52.153619 58.137767 0.000000 69.771054 20.880613 56.850682 55.605755 
58 31.304952 34.234486 86.092973 68.963759 40.249224 92.086915 78.102497 44.271887 81.608823 31.112698 72.801099 20.396078 24.166092 20.099751 37.947332 65.969690 46.173586 8.944272 57.271284 48.332184 77.897368 85.883642 29.529646 44.271887 60.926185 67.941151 44.721360 75.471849 16.124515 85.603738 70.710678 14.422205 60.728906 54.037024 39.293765 52.497619 90.000000 86.348133 73.375745 24.083189 67.201190 79.649231 58.034473 44.271887 22.090722 91.760558 103.247276 56.356011 49.030603 75.153177 24.000000 33.941125 8.000000 81.608823 102.078401 36.221541 69.771054 0.000000 56.639209 80.324343 18.110770 
59 29.732137 42.755117 36.055513 35.608988 60.033324 39.293765 23.409400 28.284271 28.635642 25.612497 34.000000 47.413078 54.405882 43.863424 30.066593 36.769553 34.234486 48.414874 29.529646 22.803509 22.360680 34.058773 57.271284 28.284271 25.455844 12.649111 62.032250 22.090722 44.407207 29.529646 45.254834 54.918121 63.245553 43.081318 28.284271 23.409400 34.000000 50.990195 37.735925 32.802439 16.124515 25.298221 48.332184 56.142675 41.182521 52.497619 51.419841 14.422205 28.635642 31.622777 44.271887 22.803509 62.289646 28.635642 48.703183 38.052595 20.880613 56.639209 0.000000 41.231056 46.647615 
60 49.477268 80.399005 18.110770 11.661904 59.464275 26.000000 28.844410 36.055513 24.166092 54.147945 8.000000 80.224684 64.899923 60.926185 42.379240 15.620499 74.726167 71.470274 70.682388 32.557641 31.622777 61.611687 64.031242 36.055513 20.099751 32.802439 58.412327 52.345009 74.672619 48.373546 17.088007 85.158675 47.539457 32.557641 67.082039 64.621978 50.990195 10.000000 7.211103 58.855756 26.076810 27.784888 33.286634 52.497619 74.108029 12.000000 30.463092 55.461698 69.570109 10.000000 58.137767 52.038447 87.931792 24.166092 32.984845 45.650849 56.850682 80.324343 41.231056 0.000000 78.409183 
61 30.265492 16.124515 80.324343 68.029405 52.345009 85.088190 69.771054 44.181444 74.323617 24.331050 70.455660 2.828427 36.878178 27.202941 38.470768 66.030296 28.635642 17.204651 40.496913 46.043458 68.963759 71.610055 42.520583 44.181444 58.309519 59.059292 56.639209 62.289646 4.472136 73.593478 72.443081 8.485281 69.971423 58.240879 23.323808 36.715120 77.794601 86.023253 72.111026 20.099751 60.166436 71.554175 63.245553 54.405882 5.656854 90.354856 96.932967 42.520583 32.310989 71.386273 31.622777 26.683328 18.973666 74.323617 94.847246 40.496913 55.605755 18.110770 46.647615 78.409183 0.000000 
;

param qq := 100;

param d :=
1 0
2 23
3 17
4 12
5 6
6 22
7 3
8 24
9 24
10 11
11 7
12 12
13 8
14 14
15 20
16 16
17 16
18 4
19 9
20 18
21 14
22 10
23 19
24 22
25 19
26 9
27 18
28 2
29 18
30 11
31 19
32 18
33 15
34 4
35 12
36 8
37 18
38 12
39 72
40 2
41 5
42 14
43 11
44 19
45 16
46 19
47 3
48 12
49 10
50 20
51 7
52 13
53 16
54 23
55 22
56 18
57 6
58 12
59 27
60 9
61 15
;