#

param c:
    1  2  3  4  5  6  7  8  9 10 11 12 13 14 15 16 17 18 19 20 21 22 23 24 25 26 27 28 29 30 31 32 33 34 35 36 37 38 39 40 41 42 43 44 45 46 47 48 49 50 51 52 53 54 55 56 57 58 59 60 61 62 63 :=
 1 0.000000 121.655251 64.031242 83.761566 100.439036 72.249567 75.153177 26.076810 82.462113 90.906545 57.688820 14.422205 50.159745 39.293765 92.086915 28.635642 42.520583 75.894664 112.071406 10.000000 32.249031 70.114193 70.342022 84.403791 92.347171 33.526109 8.944272 86.579443 61.351447 54.147945 62.000000 101.823376 80.399005 26.683328 60.827625 80.324343 78.000000 76.967526 100.498756 80.448741 86.023253 88.814413 86.833173 99.035347 32.984845 80.000000 110.453610 99.297533 77.820306 74.000000 82.462113 84.758480 83.354664 62.513998 50.159745 78.230429 24.413111 98.081599 82.389320 91.782351 50.990195 62.801274 92.282176 
 2 121.655251 0.000000 88.294960 44.271887 26.683328 94.762862 55.713553 96.540147 68.117545 33.105891 65.604878 119.331471 76.550637 90.553851 80.099938 95.015788 79.397733 62.096699 20.396078 114.978259 98.792712 89.822046 68.963759 39.446166 60.133186 93.744333 119.331471 78.025637 70.682388 96.767763 90.708324 20.000000 76.419893 109.288609 81.608823 59.228372 59.228372 55.027266 22.360680 43.908997 82.024387 37.947332 37.576588 22.627417 94.403390 88.090862 11.661904 28.635642 55.785303 65.513357 64.498062 56.568542 44.944410 80.324343 98.081599 78.638413 97.590983 50.159745 76.236474 70.256672 76.157731 60.464866 38.832976 
 3 64.031242 88.294960 0.000000 44.407207 80.224684 11.313708 73.348483 43.680659 24.083189 56.320511 56.035703 72.691127 62.225397 27.202941 108.166538 57.271284 41.231056 80.622577 90.000000 54.037024 32.062439 96.166522 80.448741 67.468511 35.383612 32.984845 56.320511 23.409400 71.217975 11.661904 2.828427 70.455660 96.020831 74.000000 8.944272 83.186537 29.120440 75.153177 66.753277 66.483081 104.403065 50.635956 52.153619 70.114193 63.529521 16.124515 80.622577 80.399005 32.557641 22.803509 89.554453 85.906926 73.375745 82.073138 15.231546 95.603347 53.141321 94.868330 97.652445 30.528675 26.907248 38.626416 80.049984 
 4 83.761566 44.271887 44.407207 0.000000 37.947332 52.038447 43.908997 57.688820 27.856777 12.000000 38.052595 85.088190 50.000000 48.166378 80.448741 61.351447 42.047592 52.839379 46.389654 75.604233 56.639209 77.794601 56.462377 29.732137 25.455844 52.345009 79.649231 39.395431 51.419841 52.497619 46.690470 26.076810 70.710678 78.587531 37.363083 53.254108 16.124515 44.944410 22.360680 31.240999 78.892332 6.324555 8.246211 26.076810 63.560994 47.074409 36.221541 38.626416 12.000000 22.000000 60.464866 54.037024 38.209946 64.031242 53.851648 71.554175 61.741396 58.412327 71.693793 34.409301 33.941125 21.540659 41.617304 
 5 100.439036 26.683328 80.224684 37.947332 0.000000 89.106678 29.529646 76.941536 65.787537 26.832816 42.801869 96.208108 52.345009 74.726167 54.918121 72.470684 59.933296 35.440090 11.661904 95.015788 82.219219 63.150614 42.379240 16.124515 61.773781 76.550637 99.478641 77.252832 44.944410 86.092973 82.097503 17.204651 50.039984 85.041167 72.027772 32.557641 53.851648 28.635642 21.260292 20.000000 56.142675 33.105891 29.732137 14.142136 70.710678 84.899941 16.000000 2.000000 49.477268 59.228372 38.052595 30.066593 18.867962 53.851648 86.371292 52.153619 76.026311 26.000000 50.000000 71.554175 61.188234 44.721360 12.165525 
 6 72.249567 94.762862 11.313708 52.038447 89.106678 0.000000 84.118963 53.851648 27.202941 64.031242 67.201190 82.000000 73.539105 37.576588 119.281180 68.000000 52.497619 91.586025 98.325988 62.289646 41.231056 107.480231 91.607860 77.201036 37.576588 43.081318 64.031242 21.260292 82.462113 18.110770 11.661904 78.000000 107.200746 84.308956 20.000000 94.021274 36.000000 85.883642 74.027022 76.550637 115.602768 58.000000 60.133186 78.102497 74.431176 10.000000 88.022724 89.442719 40.049969 30.066593 100.498756 96.602277 83.570330 93.380940 22.090722 106.826963 63.560994 105.109467 108.811764 30.000000 38.209946 49.193496 89.844310 
 7 75.153177 55.713553 73.348483 43.908997 29.529646 84.118963 0.000000 54.918121 67.882251 39.293765 20.000000 68.818602 25.059928 58.309519 36.878178 46.518813 40.000000 8.944272 40.000000 71.470274 64.000000 36.055513 14.000000 18.000000 68.818602 58.000000 75.894664 79.246451 15.620499 75.286121 74.323617 40.199502 26.832816 56.639209 64.404969 10.000000 55.172457 2.000000 42.000000 14.142136 34.985711 43.081318 38.626416 36.221541 43.266615 83.234608 44.271887 27.784888 50.990195 58.137767 16.970563 12.649111 10.770330 24.738634 74.215901 27.856777 51.264022 24.083189 27.784888 76.576759 48.083261 34.985711 18.439089 
 8 26.076810 96.540147 43.680659 57.688820 76.941536 53.851648 54.918121 0.000000 58.309519 65.115282 35.440090 30.066593 32.062439 16.492423 80.049984 15.620499 17.204651 58.034473 88.588938 18.439089 14.142136 61.741396 54.147945 60.827625 67.468511 10.770330 22.803509 64.124878 44.045431 36.715120 42.379240 76.576759 67.468511 30.463092 38.209946 62.128898 52.497619 56.885851 74.966659 57.271284 74.726167 62.801274 60.959003 74.027022 22.803509 59.665736 85.603738 76.026311 52.000000 49.030603 66.030296 66.272166 61.351447 50.000000 33.286634 65.969690 10.000000 78.917679 69.426220 68.117545 25.298221 36.878178 70.228199 
 9 82.462113 68.117545 24.083189 27.856777 65.787537 27.202941 67.882251 58.309519 0.000000 39.293765 55.569776 88.362888 65.391131 43.174066 104.690019 68.264193 48.662100 76.419893 73.756356 72.801099 50.596443 97.754795 78.409183 56.603887 11.313708 49.030603 75.894664 11.661904 71.021124 35.383612 26.907248 52.611786 93.722996 86.209048 22.360680 77.794601 12.806248 69.310894 48.373546 57.201399 102.176318 32.984845 36.055513 53.366656 72.993150 20.000000 62.289646 66.483081 17.204651 10.770330 84.852814 79.397733 64.404969 83.354664 38.418745 94.021274 66.000000 85.440037 95.015788 10.198039 34.058773 34.985711 68.963759 
10 90.906545 33.105891 56.320511 12.000000 26.832816 64.031242 39.293765 65.115282 39.293765 0.000000 39.293765 90.553851 51.419841 57.688820 74.242845 66.241981 48.414874 48.083261 34.525353 83.450584 66.030296 74.966659 52.952809 22.360680 34.985711 61.220911 87.681241 50.596443 50.000000 64.031242 58.549125 14.142136 65.787537 82.462113 49.030603 47.539457 28.071338 39.849718 10.770330 25.298221 73.539105 6.324555 4.472136 14.142136 67.230945 58.855756 24.331050 27.784888 24.000000 34.000000 54.626001 47.413078 31.304952 62.128898 65.145990 67.052218 67.675697 49.517674 66.483081 44.721360 43.266615 28.284271 32.557641 
11 57.688820 65.604878 56.035703 38.052595 42.801869 67.201190 20.000000 35.440090 55.569776 39.293765 0.000000 53.814496 12.165525 38.470768 52.153619 29.732137 20.000000 25.298221 54.405882 52.801515 44.000000 42.190046 24.413111 26.907248 59.464275 38.000000 57.271284 66.030296 15.620499 56.462377 56.603887 46.647615 40.000000 43.908997 47.201695 28.635642 43.863424 22.000000 46.518813 22.803509 48.414874 40.199502 36.496575 43.266615 28.844410 67.882251 54.037024 41.617304 40.496913 44.944410 34.176015 32.249031 26.000000 27.784888 55.027266 39.698866 33.286634 44.045431 41.617304 65.299311 29.529646 20.591260 34.928498 
12 14.422205 119.331471 72.691127 85.088190 96.208108 82.000000 68.818602 30.066593 88.362888 90.553851 53.814496 0.000000 44.045431 46.043458 80.894994 24.413111 43.081318 68.000000 107.628992 21.633308 40.792156 58.137767 61.741396 80.622577 97.324200 40.049969 22.627417 94.021274 53.851648 64.031242 71.021124 100.000000 69.856997 14.142136 68.029405 72.470684 82.000000 70.455660 99.297533 76.367532 74.672619 89.442719 86.833173 96.829747 25.612497 88.814413 107.814656 94.847246 81.043198 78.917679 73.539105 76.941536 78.102497 52.497619 60.166436 67.468511 23.409400 90.354856 71.805292 98.183502 54.918121 63.560994 86.833173 
13 50.159745 76.550637 62.225397 50.000000 52.345009 73.539105 25.059928 32.062439 65.391131 51.419841 12.165525 44.045431 0.000000 40.249224 48.703183 21.540659 21.633308 26.305893 63.655322 47.074409 43.680659 33.941125 22.090722 37.202150 70.342022 37.947332 51.419841 75.179785 12.000000 60.464866 62.289646 58.137767 36.055513 32.802439 53.814496 30.594117 54.405882 26.832816 58.309519 32.802439 43.863424 52.345009 48.662100 54.589376 18.439089 75.604233 64.899923 50.911688 51.419841 54.626001 34.000000 34.928498 34.058773 20.000000 58.309519 34.928498 26.683328 48.083261 37.947332 75.392307 35.383612 31.048349 42.801869 
14 39.293765 90.553851 27.202941 48.166378 74.726167 37.576588 58.309519 16.492423 43.174066 57.688820 38.470768 46.043458 40.249224 0.000000 88.769364 30.528675 18.973666 63.560994 86.023253 29.732137 8.485281 73.239334 61.351447 59.228372 53.141321 6.000000 33.105891 48.000000 51.264022 21.260292 26.000000 70.710678 76.157731 46.818800 22.000000 67.082039 39.446166 60.299254 68.264193 56.568542 84.095184 54.037024 53.254108 68.876701 37.202150 43.174066 80.498447 74.215901 40.000000 34.928498 72.277244 70.710678 62.128898 60.033324 18.439089 75.153177 26.000000 82.097503 78.000000 52.611786 14.422205 30.463092 70.455660 
15 92.086915 80.099938 108.166538 80.448741 54.918121 119.281180 36.878178 80.049984 104.690019 74.242845 52.153619 80.894994 48.703183 88.769364 0.000000 66.483081 69.856997 28.284271 60.000000 92.195445 92.347171 23.409400 27.784888 51.884487 105.603030 86.648716 96.083297 115.965512 37.576588 108.240473 108.756609 70.880181 12.649111 66.753277 99.297533 27.202941 92.021737 35.608988 74.000000 49.396356 6.324555 78.892332 74.431176 67.052218 60.133186 119.331471 70.710678 52.952809 87.863531 94.762862 20.000000 26.832816 42.941821 30.265492 106.451867 14.142136 72.691127 30.000000 10.770330 113.454837 81.633327 70.936591 43.680659 
16 28.635642 95.015788 57.271284 61.351447 72.470684 68.000000 46.518813 15.620499 68.264193 66.241981 29.732137 24.413111 21.540659 30.528675 66.483081 0.000000 20.099751 47.539457 84.023806 26.076810 29.732137 46.818800 42.426407 56.639209 76.026311 25.612497 30.265492 75.709973 32.984845 51.613952 56.356011 75.604233 54.147945 18.000000 50.596443 51.923020 60.133186 48.332184 74.886581 52.497619 60.827625 65.391131 62.609903 72.470684 7.211103 72.801099 83.546394 71.217975 58.549125 58.034473 54.589376 56.320511 54.918121 36.221541 48.414874 52.345009 6.324555 69.570109 56.142675 78.409183 34.234486 39.849718 63.812225 
17 42.520583 79.397733 41.231056 42.047592 59.933296 52.497619 40.000000 17.204651 48.662100 48.414874 20.000000 43.081318 21.633308 18.973666 69.856997 20.099751 0.000000 44.721360 71.554175 35.608988 24.000000 55.317267 42.379240 43.863424 56.000000 18.000000 40.000000 56.920998 32.310989 38.832976 41.036569 59.464275 57.271284 38.052595 33.286634 48.373546 40.049969 42.000000 58.000000 40.496913 65.299311 46.647615 44.407207 56.850682 24.331050 55.569776 68.410526 59.093147 38.470768 38.209946 53.366656 52.153619 45.122057 41.617304 36.715120 56.356011 19.697716 64.031242 59.093147 58.855756 15.231546 20.591260 53.851648 
18 75.894664 62.096699 80.622577 52.839379 35.440090 91.586025 8.944272 58.034473 76.419893 48.083261 25.298221 68.000000 26.305893 63.560994 28.284271 47.539457 44.721360 0.000000 44.721360 73.348483 68.468971 28.071338 7.211103 26.305893 77.665951 62.513998 77.665951 87.681241 14.560220 81.706793 81.412530 48.000000 17.888544 54.918121 71.693793 4.472136 63.780875 8.246211 50.159745 22.803509 26.076810 52.000000 47.539457 44.000000 43.081318 91.214034 50.990195 33.526109 59.665736 66.483081 8.944272 8.944272 18.000000 18.867962 80.324343 18.973666 52.952809 22.360680 18.867962 85.276022 54.626001 42.801869 23.409400 
19 112.071406 20.396078 90.000000 46.389654 11.661904 98.325988 40.000000 88.588938 73.756356 34.525353 54.405882 107.628992 63.655322 86.023253 60.000000 84.023806 71.554175 44.721360 0.000000 106.677083 93.637599 71.470274 51.884487 27.784888 68.352030 88.022724 111.139552 84.899941 55.605755 96.519428 92.021737 21.540659 57.271284 96.208108 82.097503 41.231056 62.513998 38.832976 26.000000 31.622777 62.289646 40.792156 38.209946 20.396078 82.073138 93.380940 14.142136 12.806248 58.309519 68.264193 45.607017 37.947332 29.732137 63.529521 97.015463 59.665736 87.658428 30.000000 56.885851 78.434686 72.277244 55.785303 21.633308 
20 10.000000 114.978259 54.037024 75.604233 95.015788 62.289646 71.470274 18.439089 72.801099 83.450584 52.801515 21.633308 47.074409 29.732137 92.195445 26.076810 35.608988 73.348483 106.677083 0.000000 22.360680 71.386273 68.468971 78.892332 82.873397 24.166092 4.472136 76.655072 58.855756 44.181444 52.000000 95.015788 80.024996 30.528675 50.990195 77.665951 68.876701 73.375745 93.380940 75.179785 86.371292 80.919713 79.246451 92.455395 32.062439 70.000000 104.019229 94.021274 68.963759 64.621978 80.622577 82.000000 78.790862 62.032250 40.199502 78.102497 20.396078 95.078915 82.024387 82.000000 42.190046 55.172457 87.726849 
21 32.249031 98.792712 32.062439 56.639209 82.219219 41.231056 64.000000 14.142136 50.596443 66.030296 44.000000 40.792156 43.680659 8.485281 92.347171 29.732137 24.000000 68.468971 93.637599 22.360680 0.000000 75.179785 65.513357 66.483081 60.926185 6.000000 25.298221 54.332311 55.317267 23.409400 30.265492 78.892332 79.699435 43.908997 28.635642 72.249567 47.707442 66.000000 76.550637 63.560994 87.315520 62.481997 61.611687 76.941536 36.878178 48.166378 88.588938 81.608823 48.414874 42.941821 76.941536 76.105190 68.731361 62.769419 19.697716 78.434686 24.083189 88.022724 81.608823 59.665736 22.803509 38.470768 77.278716 
22 70.114193 89.822046 96.166522 77.794601 63.150614 107.480231 36.055513 61.741396 97.754795 74.966659 42.190046 58.137767 33.941125 73.239334 23.409400 46.818800 55.317267 28.071338 71.470274 71.386273 75.179785 0.000000 22.090722 54.037024 101.133575 69.971423 74.966659 108.166538 26.832816 94.021274 96.208108 76.026311 15.620499 44.045431 87.726849 30.594117 85.883642 36.000000 78.025637 50.159745 17.088007 78.102497 73.756356 72.027772 39.849718 109.343495 78.917679 61.188234 82.292162 87.132084 26.000000 33.526109 46.043458 14.422205 91.607860 12.806248 53.141321 43.908997 16.970563 107.424392 69.310894 62.769419 50.990195 
23 70.342022 68.963759 80.448741 56.462377 42.379240 91.607860 14.000000 54.147945 78.409183 52.952809 24.413111 61.741396 22.090722 61.351447 27.784888 42.426407 42.379240 7.211103 51.884487 68.468971 65.513357 22.090722 0.000000 32.000000 80.622577 59.665736 72.691127 89.375612 10.198039 80.498447 80.993827 54.147945 15.620499 48.373546 71.610055 11.313708 66.030296 14.142136 56.000000 28.071338 24.083189 56.320511 51.923020 50.159745 37.363083 92.021737 57.723479 40.496913 62.128898 68.117545 12.165525 15.620499 24.331050 11.661904 78.790862 15.620499 48.166378 28.844410 17.204651 87.658428 53.851648 43.863424 30.463092 
24 84.403791 39.446166 67.468511 29.732137 16.124515 77.201036 18.000000 60.827625 56.603887 22.360680 26.907248 80.622577 37.202150 59.228372 51.884487 56.639209 43.863424 26.305893 27.784888 78.892332 66.483081 54.037024 32.000000 0.000000 55.172457 60.728906 83.354664 68.264193 31.622777 72.111026 69.050706 22.360680 43.680659 70.000000 58.855756 25.298221 43.908997 18.110770 24.000000 4.472136 51.264022 27.202941 22.803509 18.439089 55.317267 74.323617 27.784888 15.231546 39.446166 48.332184 32.310989 25.059928 8.944272 42.426407 72.000000 45.122057 60.000000 28.844410 44.271887 64.031242 46.173586 30.000000 12.649111 
25 92.347171 60.133186 35.383612 25.455844 61.773781 37.576588 68.818602 67.468511 11.313708 34.985711 59.464275 97.324200 70.342022 53.141321 105.603030 76.026311 56.000000 77.665951 68.352030 82.873397 60.926185 101.133575 80.622577 55.172457 0.000000 58.821765 86.162637 18.110770 74.323617 46.690470 38.209946 46.818800 95.414884 94.021274 33.286634 78.409183 16.124515 70.000000 42.379240 56.639209 103.730420 28.844410 32.802439 48.332184 80.099938 29.120440 55.785303 62.769419 18.973666 18.439089 85.603738 79.397733 63.655322 86.925255 49.678969 96.041658 74.431176 83.737686 96.519428 10.198039 42.426407 39.293765 66.843100 
26 33.526109 93.744333 32.984845 52.345009 76.550637 43.081318 58.000000 10.770330 49.030603 61.220911 38.000000 40.049969 37.947332 6.000000 86.648716 25.612497 18.000000 62.513998 88.022724 24.166092 6.000000 69.971423 59.665736 60.728906 58.821765 0.000000 27.784888 54.000000 49.477268 26.076810 31.622777 73.783467 74.000000 41.231056 28.000000 66.272166 44.721360 60.000000 71.610055 57.723479 81.706793 58.000000 56.850682 71.693793 32.557641 49.030603 83.354664 75.894664 44.944410 40.496913 71.021124 70.114193 62.801274 57.271284 22.803509 72.801099 20.591260 82.024387 75.894664 58.549125 18.439089 33.286634 71.386273 
27 8.944272 119.331471 56.320511 79.649231 99.478641 64.031242 75.894664 22.803509 75.894664 87.681241 57.271284 22.627417 51.419841 33.105891 96.083297 30.265492 40.000000 77.665951 111.139552 4.472136 25.298221 74.966659 72.691127 83.354664 86.162637 27.784888 0.000000 79.246451 63.150614 46.000000 54.147945 99.357939 84.000000 33.105891 53.851648 82.000000 72.470684 77.794601 97.672924 79.649231 90.199778 85.041167 83.450584 96.829747 36.000000 72.111026 108.406642 98.488578 72.718636 68.029405 84.852814 86.348133 83.258633 66.000000 42.000000 82.024387 24.738634 99.458534 86.000000 84.899941 46.043458 59.396970 92.195445 
28 86.579443 78.025637 23.409400 39.395431 77.252832 21.260292 79.246451 64.124878 11.661904 50.596443 66.030296 94.021274 75.179785 48.000000 115.965512 75.709973 56.920998 87.681241 84.899941 76.655072 54.332311 108.166538 89.375612 68.264193 18.110770 54.000000 79.246451 0.000000 81.608823 34.928498 26.000000 63.560994 104.804580 93.380940 26.000000 89.196412 24.413111 80.721744 59.228372 68.818602 113.278418 44.271887 47.539457 64.560050 81.043198 11.661904 72.993150 78.000000 28.844410 21.260292 96.208108 90.906545 76.026311 93.744333 38.626416 104.995238 72.691127 97.097889 106.150836 8.944272 41.761226 45.607017 80.622577 
29 61.351447 70.682388 71.217975 51.419841 44.944410 82.462113 15.620499 44.045431 71.021124 50.000000 15.620499 53.851648 12.000000 51.264022 37.576588 32.984845 32.310989 14.560220 55.605755 58.855756 55.317267 26.832816 10.198039 31.622777 74.323617 49.477268 63.150614 81.608823 0.000000 70.710678 71.610055 53.851648 25.059928 41.231056 62.481997 18.973666 59.059292 16.970563 54.918121 27.202941 33.286634 52.345009 48.166378 50.000000 28.635642 83.450584 59.093147 43.266615 55.461698 60.464866 22.000000 23.409400 26.076810 12.649111 68.876701 24.413111 38.470768 36.769553 26.832816 80.622577 44.407207 36.055513 34.058773 
30 54.147945 96.767763 11.661904 52.497619 86.092973 18.110770 75.286121 36.715120 35.383612 64.031242 56.462377 64.031242 60.464866 21.260292 108.240473 51.613952 38.832976 81.706793 96.519428 44.181444 23.409400 94.021274 80.498447 72.111026 46.690470 26.076810 46.000000 34.928498 70.710678 0.000000 8.944272 78.102497 95.770559 67.082039 15.231546 84.758480 38.470768 77.201036 74.726167 70.455660 103.942292 58.821765 59.665736 77.278716 58.412327 26.305893 88.294960 86.023253 41.231056 32.249031 90.620086 87.931792 76.941536 80.448741 4.000000 95.015788 46.647615 98.061205 97.529483 42.190046 27.202941 42.190046 84.380092 
31 62.000000 90.708324 2.828427 46.690470 82.097503 11.661904 74.323617 42.379240 26.907248 58.549125 56.603887 71.021124 62.289646 26.000000 108.756609 56.356011 41.036569 81.412530 92.021737 52.000000 30.265492 96.208108 80.993827 69.050706 38.209946 31.622777 54.147945 26.000000 71.610055 8.944272 0.000000 72.691127 96.519428 72.801099 10.198039 84.095184 31.622777 76.157731 69.050706 67.911707 104.861814 52.952809 54.332311 72.249567 62.769419 18.000000 82.873397 82.219219 34.928498 25.298221 90.354856 86.925255 74.726167 82.219219 12.649111 96.020831 52.000000 96.166522 98.183502 33.286634 27.202941 39.849718 81.584312 
32 101.823376 20.000000 70.455660 26.076810 17.204651 78.000000 40.199502 76.576759 52.611786 14.142136 46.647615 100.000000 58.137767 70.710678 70.880181 75.604233 59.464275 48.000000 21.540659 95.015788 78.892332 76.026311 54.147945 22.360680 46.818800 73.783467 99.357939 63.560994 53.851648 78.102497 72.691127 0.000000 64.498062 90.553851 63.150614 46.173586 42.000000 40.049969 4.472136 26.683328 71.386273 20.000000 18.439089 4.000000 75.471849 72.443081 10.198039 18.867962 38.052595 48.041649 52.611786 44.721360 30.000000 64.776539 79.120162 66.272166 77.897368 42.941821 64.776539 56.920998 56.356011 40.496913 27.202941 
33 80.399005 76.419893 96.020831 70.710678 50.039984 107.200746 26.832816 67.468511 93.722996 65.787537 40.000000 69.856997 36.055513 76.157731 12.649111 54.147945 57.271284 17.888544 57.271284 80.024996 79.699435 15.620499 15.620499 43.680659 95.414884 74.000000 84.000000 104.804580 25.059928 95.770559 96.519428 64.498062 0.000000 55.785303 87.200917 18.439089 81.215762 26.000000 67.082039 40.496913 8.485281 69.856997 65.391131 60.530984 48.000000 107.628992 66.030296 48.041649 77.201036 83.546394 12.000000 20.000000 34.928498 18.000000 93.914855 2.828427 60.299254 28.635642 2.000000 102.800778 69.339743 59.396970 38.000000 
34 26.683328 109.288609 74.000000 78.587531 85.041167 84.308956 56.639209 30.463092 86.209048 82.462113 43.908997 14.142136 32.802439 46.818800 66.753277 18.000000 38.052595 54.918121 96.208108 30.528675 43.908997 44.045431 48.373546 70.000000 94.021274 41.231056 33.105891 93.380940 41.231056 67.082039 72.801099 90.553851 55.785303 0.000000 67.911707 59.363288 78.102497 58.137767 90.354856 65.604878 60.530984 82.219219 79.120162 87.132084 15.231546 89.844310 97.652445 83.546394 76.419893 76.026311 59.933296 63.812225 66.483081 38.626416 63.529521 53.366656 20.880613 77.175126 57.723479 96.332757 52.153619 57.271284 74.966659 
35 60.827625 81.608823 8.944272 37.363083 72.027772 20.000000 64.404969 38.209946 22.360680 49.030603 47.201695 68.029405 53.814496 22.000000 99.297533 50.596443 33.286634 71.693793 82.097503 50.990195 28.635642 87.726849 71.610055 58.855756 33.286634 28.000000 53.851648 26.000000 62.481997 15.231546 10.198039 63.150614 87.200917 67.911707 0.000000 74.242845 23.323808 66.211781 59.665736 57.723479 95.603347 43.680659 44.721360 62.513998 56.462377 22.360680 73.348483 72.111026 26.000000 17.204651 80.622577 76.967526 64.560050 73.539105 17.204651 86.833173 47.074409 86.023253 88.814413 31.048349 18.439089 29.732137 71.386273 
36 80.324343 59.228372 83.186537 53.254108 32.557641 94.021274 10.000000 62.128898 77.794601 47.539457 28.635642 72.470684 30.594117 67.082039 27.202941 51.923020 48.373546 4.472136 41.231056 77.665951 72.249567 30.594117 11.313708 25.298221 78.409183 66.272166 82.000000 89.196412 18.973666 84.758480 84.095184 46.173586 18.439089 59.363288 74.242845 0.000000 65.053824 8.485281 48.662100 22.360680 26.000000 51.884487 47.413078 42.190046 47.539457 93.230896 48.373546 30.594117 60.827625 68.117545 7.211103 4.472136 16.492423 22.803509 83.522452 20.099751 57.271284 17.888544 18.973666 86.371292 57.584720 44.944410 20.396078 
37 78.000000 59.228372 29.120440 16.124515 53.851648 36.000000 55.172457 52.497619 12.806248 28.071338 43.863424 82.000000 54.405882 39.446166 92.021737 60.133186 40.049969 63.780875 62.513998 68.876701 47.707442 85.883642 66.030296 43.908997 16.124515 44.721360 72.470684 24.413111 59.059292 38.470768 31.622777 42.000000 81.215762 78.102497 23.323808 65.053824 0.000000 56.568542 38.052595 44.407207 89.643739 22.000000 24.331050 42.190046 64.031242 31.048349 52.038447 54.405882 4.472136 6.324555 72.138755 66.603303 51.613952 71.554175 40.496913 81.608823 58.855756 72.718636 82.462113 21.633308 27.202941 23.409400 56.356011 
38 76.967526 55.027266 75.153177 44.944410 28.635642 85.883642 2.000000 56.885851 69.310894 39.849718 22.000000 70.455660 26.832816 60.299254 35.608988 48.332184 42.000000 8.246211 38.832976 73.375745 66.000000 36.000000 14.142136 18.110770 70.000000 60.000000 77.794601 80.721744 16.970563 77.201036 76.157731 40.049969 26.000000 58.137767 66.211781 8.485281 56.568542 0.000000 42.047592 14.560220 34.000000 43.863424 39.395431 36.055513 44.944410 84.876381 43.680659 26.832816 52.345009 59.665736 15.620499 10.770330 10.198039 25.298221 76.157731 27.202941 53.141321 22.090722 26.832816 77.897368 50.000000 36.715120 17.204651 
39 100.498756 22.360680 66.753277 22.360680 21.260292 74.027022 42.000000 74.966659 48.373546 10.770330 46.518813 99.297533 58.309519 68.264193 74.000000 74.886581 58.000000 50.159745 26.000000 93.380940 76.550637 78.025637 56.000000 24.000000 42.379240 71.610055 97.672924 59.228372 54.918121 74.726167 69.050706 4.472136 67.082039 90.354856 59.665736 48.662100 38.052595 42.047592 0.000000 28.071338 74.215901 16.124515 15.231546 7.211103 75.179785 68.264193 14.000000 22.803509 34.234486 44.181444 55.317267 47.539457 32.249031 66.272166 75.894664 68.731361 76.837491 46.647615 67.468511 52.497619 53.851648 38.418745 30.463092 
40 80.448741 43.908997 66.483081 31.240999 20.000000 76.550637 14.142136 57.271284 57.201399 25.298221 22.803509 76.367532 32.802439 56.568542 49.396356 52.497619 40.496913 22.803509 31.622777 75.179785 63.560994 50.159745 28.071338 4.472136 56.639209 57.723479 79.649231 68.818602 27.202941 70.455660 67.911707 26.683328 40.496913 65.604878 57.723479 22.360680 44.407207 14.560220 28.071338 0.000000 48.332184 29.529646 25.059928 22.803509 50.990195 74.242845 32.249031 18.867962 40.000000 48.373546 29.529646 22.803509 7.211103 38.209946 70.114193 41.761226 56.035703 28.635642 41.231056 65.115282 44.000000 28.284271 14.000000 
41 86.023253 82.024387 104.403065 78.892332 56.142675 115.602768 34.985711 74.726167 102.176318 73.539105 48.414874 74.672619 43.863424 84.095184 6.324555 60.827625 65.299311 26.076810 62.289646 86.371292 87.315520 17.088007 24.083189 51.264022 103.730420 81.706793 90.199778 113.278418 33.286634 103.942292 104.861814 71.386273 8.485281 60.530984 95.603347 26.000000 89.643739 34.000000 74.215901 48.332184 0.000000 77.820306 73.348483 67.468511 54.332311 116.103402 72.111026 54.147945 85.603738 92.021737 18.973666 26.683328 42.379240 24.738634 102.000000 8.944272 67.082039 32.557641 7.211103 111.211510 77.665951 67.882251 44.407207 
42 88.814413 37.947332 50.635956 6.324555 33.105891 58.000000 43.081318 62.801274 32.984845 6.324555 40.199502 89.442719 52.345009 54.037024 78.892332 65.391131 46.647615 52.000000 40.792156 80.919713 62.481997 78.102497 56.320511 27.202941 28.844410 58.000000 85.041167 44.271887 52.345009 58.821765 52.952809 20.000000 69.856997 82.219219 43.680659 51.884487 22.000000 43.863424 16.124515 29.529646 77.820306 0.000000 4.472136 20.396078 67.052218 52.611786 30.066593 34.000000 18.110770 28.071338 59.059292 52.153619 36.055513 64.776539 60.166436 70.936591 66.241981 55.172457 70.682388 38.470768 39.698866 26.076810 38.209946 
43 86.833173 37.576588 52.153619 8.246211 29.732137 60.133186 38.626416 60.959003 36.055513 4.472136 36.496575 86.833173 48.662100 53.254108 74.431176 62.609903 44.407207 47.539457 38.209946 79.246451 61.611687 73.756356 51.923020 22.803509 32.802439 56.850682 83.450584 47.539457 48.166378 59.665736 54.332311 18.439089 65.391131 79.120162 44.721360 47.413078 24.331050 39.395431 15.231546 25.059928 73.348483 4.472136 0.000000 18.000000 63.906181 55.317267 28.635642 30.463092 20.099751 30.066593 54.589376 47.707442 31.622777 60.530984 60.728906 66.483081 63.812225 50.990195 66.211781 42.190046 38.832976 24.083189 34.058773 
44 99.035347 22.627417 70.114193 26.076810 14.142136 78.102497 36.221541 74.027022 53.366656 14.142136 43.266615 96.829747 54.589376 68.876701 67.052218 72.470684 56.850682 44.000000 20.396078 92.455395 76.941536 72.027772 50.159745 18.439089 48.332184 71.693793 96.829747 64.560050 50.000000 77.278716 72.249567 4.000000 60.530984 87.132084 62.513998 42.190046 42.190046 36.055513 7.211103 22.803509 67.468511 20.396078 18.000000 0.000000 72.111026 72.993150 11.661904 15.620499 38.052595 48.041649 48.662100 40.792156 26.000000 60.827625 78.102497 62.289646 74.966659 39.446166 60.827625 58.309519 54.626001 38.470768 23.409400 
45 32.984845 94.403390 63.529521 63.560994 70.710678 74.431176 43.266615 22.803509 72.993150 67.230945 28.844410 25.612497 18.439089 37.202150 60.133186 7.211103 24.331050 43.081318 82.073138 32.062439 36.878178 39.849718 37.363083 55.317267 80.099938 32.557641 36.000000 81.043198 28.635642 58.412327 62.769419 75.471849 48.000000 15.231546 56.462377 47.539457 64.031242 44.944410 75.179785 50.990195 54.332311 67.052218 63.906181 72.111026 0.000000 78.790862 82.800966 69.310894 62.032250 62.513998 49.477268 52.000000 52.497619 30.000000 55.317267 46.043458 13.416408 65.391131 50.000000 83.186537 39.293765 42.426407 61.220911 
46 80.000000 88.090862 16.124515 47.074409 84.899941 10.000000 83.234608 59.665736 20.000000 58.855756 67.882251 88.814413 75.604233 43.174066 119.331471 72.801099 55.569776 91.214034 93.380940 70.000000 48.166378 109.343495 92.021737 74.323617 29.120440 49.030603 72.111026 11.661904 83.450584 26.305893 18.000000 72.443081 107.628992 89.844310 22.360680 93.230896 31.048349 84.876381 68.264193 74.242845 116.103402 52.611786 55.317267 72.993150 78.790862 0.000000 82.219219 85.440037 35.440090 26.000000 100.000000 95.414884 81.412530 95.015788 30.265492 107.517440 68.963759 102.859127 109.123783 20.591260 40.496913 48.414874 86.925255 
47 110.453610 11.661904 80.622577 36.221541 16.000000 88.022724 44.271887 85.603738 62.289646 24.331050 54.037024 107.814656 64.899923 80.498447 70.710678 83.546394 68.410526 50.990195 14.142136 104.019229 88.588938 78.917679 57.723479 27.784888 55.785303 83.354664 108.406642 72.993150 59.093147 88.294960 82.873397 10.198039 66.030296 97.652445 73.348483 48.373546 52.038447 43.680659 14.000000 32.249031 72.111026 30.066593 28.635642 11.661904 82.800966 82.219219 0.000000 18.000000 48.166378 58.137767 54.037024 46.043458 33.526109 68.963759 89.286057 68.117545 86.278618 41.231056 66.000000 65.969690 66.211781 50.119856 28.071338 
48 99.297533 28.635642 80.399005 38.626416 2.000000 89.442719 27.784888 76.026311 66.483081 27.784888 41.617304 94.847246 50.911688 74.215901 52.952809 71.217975 59.093147 33.526109 12.806248 94.021274 81.608823 61.188234 40.496913 15.231546 62.769419 75.894664 98.488578 78.000000 43.266615 86.023253 82.219219 18.867962 48.041649 83.546394 72.111026 30.594117 54.405882 26.832816 22.803509 18.867962 54.147945 34.000000 30.463092 15.620499 69.310894 85.440037 18.000000 0.000000 50.000000 59.665736 36.055513 28.071338 17.204651 52.000000 86.209048 50.159745 74.886581 24.166092 48.000000 72.470684 60.827625 44.407207 10.198039 
49 77.820306 55.785303 32.557641 12.000000 49.477268 40.049969 50.990195 52.000000 17.204651 24.000000 40.496913 81.043198 51.419841 40.000000 87.863531 58.549125 38.470768 59.665736 58.309519 68.963759 48.414874 82.292162 62.128898 39.446166 18.973666 44.944410 72.718636 28.844410 55.461698 41.231056 34.928498 38.052595 77.201036 76.419893 26.000000 60.827625 4.472136 52.345009 34.234486 40.000000 85.603738 18.110770 20.099751 38.052595 62.032250 35.440090 48.166378 50.000000 0.000000 10.000000 67.941151 62.289646 47.201695 68.029405 42.941821 77.665951 57.723479 68.264193 78.409183 25.612497 26.832816 20.396078 51.884487 
50 74.000000 65.513357 22.803509 22.000000 59.228372 30.066593 58.137767 49.030603 10.770330 34.000000 44.944410 78.917679 54.626001 34.928498 94.762862 58.034473 38.209946 66.483081 68.264193 64.621978 42.941821 87.132084 68.117545 48.332184 18.439089 40.496913 68.029405 21.260292 60.464866 32.249031 25.298221 48.041649 83.546394 76.026311 17.204651 68.117545 6.324555 59.665736 44.181444 48.373546 92.021737 28.071338 30.066593 48.041649 62.513998 26.000000 58.137767 59.665736 10.000000 0.000000 75.073298 70.000000 55.569776 72.718636 34.409301 83.737686 56.142675 76.941536 84.899941 20.880613 24.083189 24.413111 60.926185 
51 82.462113 64.498062 89.554453 60.464866 38.052595 100.498756 16.970563 66.030296 84.852814 54.626001 34.176015 73.539105 34.000000 72.277244 20.000000 54.589376 53.366656 8.944272 45.607017 80.622577 76.941536 26.000000 12.165525 32.310989 85.603738 71.021124 84.852814 96.208108 22.000000 90.620086 90.354856 52.611786 12.000000 59.933296 80.622577 7.211103 72.138755 15.620499 55.317267 29.529646 18.973666 59.059292 54.589376 48.662100 49.477268 100.000000 54.037024 36.055513 67.941151 75.073298 0.000000 8.000000 23.409400 21.633308 89.196412 14.142136 60.299254 18.439089 12.165525 93.509358 63.560994 51.613952 26.000000 
52 84.758480 56.568542 85.906926 54.037024 30.066593 96.602277 12.649111 66.272166 79.397733 47.413078 32.249031 76.941536 34.928498 70.710678 26.832816 56.320511 52.153619 8.944272 37.947332 82.000000 76.105190 33.526109 15.620499 25.059928 79.397733 70.114193 86.348133 90.906545 23.409400 87.931792 86.925255 44.721360 20.000000 63.812225 76.967526 4.472136 66.603303 10.770330 47.539457 22.803509 26.683328 52.153619 47.707442 40.792156 52.000000 95.414884 46.043458 28.071338 62.289646 70.000000 8.000000 0.000000 16.124515 26.907248 86.833173 22.090722 61.611687 13.416408 20.099751 87.681241 60.728906 47.413078 18.000000 
53 83.354664 44.944410 73.375745 38.209946 18.867962 83.570330 10.770330 61.351447 64.404969 31.304952 26.000000 78.102497 34.058773 62.128898 42.941821 54.918121 45.122057 18.000000 29.732137 78.790862 68.731361 46.043458 24.331050 8.944272 63.655322 62.801274 83.258633 76.026311 26.076810 76.941536 74.726167 30.000000 34.928498 66.483081 64.560050 16.492423 51.613952 10.198039 32.249031 7.211103 42.379240 36.055513 31.622777 26.000000 52.497619 81.412530 33.526109 17.204651 47.201695 55.569776 23.409400 16.124515 0.000000 35.440090 76.419893 36.496575 59.059292 21.540659 35.440090 72.249567 50.159745 34.928498 8.944272 
54 62.513998 80.324343 82.073138 64.031242 53.851648 93.380940 24.738634 50.000000 83.354664 62.128898 27.784888 52.497619 20.000000 60.033324 30.265492 36.221541 41.617304 18.867962 63.529521 62.032250 62.769419 14.422205 11.661904 42.426407 86.925255 57.271284 66.000000 93.744333 12.649111 80.448741 82.219219 64.776539 18.000000 38.626416 73.539105 22.803509 71.554175 25.298221 66.272166 38.209946 24.738634 64.776539 60.530984 60.827625 30.000000 95.015788 68.963759 52.000000 68.029405 72.718636 21.633308 26.907248 35.440090 0.000000 78.230429 16.124515 42.426407 39.698866 20.000000 93.059121 55.172457 48.373546 42.047592 
55 50.159745 98.081599 15.231546 53.851648 86.371292 22.090722 74.215901 33.286634 38.418745 65.145990 55.027266 60.166436 58.309519 18.439089 106.451867 48.414874 36.715120 80.324343 97.015463 40.199502 19.697716 91.607860 78.790862 72.000000 49.678969 22.803509 42.000000 38.626416 68.876701 4.000000 12.649111 79.120162 93.914855 63.529521 17.204651 83.522452 40.496913 76.157731 75.894664 70.114193 102.000000 60.166436 60.728906 78.102497 55.317267 30.265492 89.286057 86.209048 42.941821 34.409301 89.196412 86.833173 76.419893 78.230429 0.000000 93.059121 43.266615 97.324200 95.707889 45.650849 26.305893 42.000000 84.095184 
56 78.230429 78.638413 95.603347 71.554175 52.153619 106.826963 27.856777 65.969690 94.021274 67.052218 39.698866 67.468511 34.928498 75.153177 14.142136 52.345009 56.356011 18.973666 59.665736 78.102497 78.434686 12.806248 15.620499 45.122057 96.041658 72.801099 82.024387 104.995238 24.413111 95.015788 96.020831 66.272166 2.828427 53.366656 86.833173 20.099751 81.608823 27.202941 68.731361 41.761226 8.944272 70.936591 66.483081 62.289646 46.043458 107.517440 68.117545 50.159745 77.665951 83.737686 14.142136 22.090722 36.496575 16.124515 93.059121 0.000000 58.549125 31.304952 4.472136 103.227903 68.818602 59.464275 40.049969 
57 24.413111 97.590983 53.141321 61.741396 76.026311 63.560994 51.264022 10.000000 66.000000 67.675697 33.286634 23.409400 26.683328 26.000000 72.691127 6.324555 19.697716 52.952809 87.658428 20.396078 24.083189 53.141321 48.166378 60.000000 74.431176 20.591260 24.738634 72.691127 38.470768 46.647615 52.000000 77.897368 60.299254 20.880613 47.074409 57.271284 58.855756 53.141321 76.837491 56.035703 67.082039 66.241981 63.812225 74.966659 13.416408 68.963759 86.278618 74.886581 57.723479 56.142675 60.299254 61.611687 59.059292 42.426407 43.266615 58.549125 0.000000 74.726167 62.289646 76.026311 32.062439 40.249224 68.000000 
58 98.081599 50.159745 94.868330 58.412327 26.000000 105.109467 24.083189 78.917679 85.440037 49.517674 44.045431 90.354856 48.083261 82.097503 30.000000 69.570109 64.031242 22.360680 30.000000 95.078915 88.022724 43.908997 28.844410 28.844410 83.737686 82.024387 99.458534 97.097889 36.769553 98.061205 96.166522 42.941821 28.635642 77.175126 86.023253 17.888544 72.718636 22.090722 46.647615 28.635642 32.557641 55.172457 50.990195 39.446166 65.391131 102.859127 41.231056 24.166092 68.264193 76.941536 18.439089 13.416408 21.540659 39.698866 97.324200 31.304952 74.726167 0.000000 27.856777 92.800862 71.021124 56.320511 16.970563 
59 82.389320 76.236474 97.652445 71.693793 50.000000 108.811764 27.784888 69.426220 95.015788 66.483081 41.617304 71.805292 37.947332 78.000000 10.770330 56.142675 59.093147 18.867962 56.885851 82.024387 81.608823 16.970563 17.204651 44.271887 96.519428 75.894664 86.000000 106.150836 26.832816 97.529483 98.183502 64.776539 2.000000 57.723479 88.814413 18.973666 82.462113 26.832816 67.468511 41.231056 7.211103 70.682388 66.211781 60.827625 50.000000 109.123783 66.000000 48.000000 78.409183 84.899941 12.165525 20.099751 35.440090 20.000000 95.707889 4.472136 62.289646 27.856777 0.000000 104.019229 71.021124 60.827625 38.052595 
60 91.782351 70.256672 30.528675 34.409301 71.554175 30.000000 76.576759 68.117545 10.198039 44.721360 65.299311 98.183502 75.392307 52.611786 113.454837 78.409183 58.855756 85.276022 78.434686 82.000000 59.665736 107.424392 87.658428 64.031242 10.198039 58.549125 84.899941 8.944272 80.622577 42.190046 33.286634 56.920998 102.800778 96.332757 31.048349 86.371292 21.633308 77.897368 52.497619 65.115282 111.211510 38.470768 42.190046 58.309519 83.186537 20.591260 65.969690 72.470684 25.612497 20.880613 93.509358 87.681241 72.249567 93.059121 45.650849 103.227903 76.026311 92.800862 104.019229 0.000000 44.181444 44.721360 76.026311 
61 50.990195 76.157731 26.907248 33.941125 61.188234 38.209946 48.083261 25.298221 34.058773 43.266615 29.529646 54.918121 35.383612 14.422205 81.633327 34.234486 15.231546 54.626001 72.277244 42.190046 22.803509 69.310894 53.851648 46.173586 42.426407 18.439089 46.043458 41.761226 44.407207 27.202941 27.202941 56.356011 69.339743 52.153619 18.439089 57.584720 27.202941 50.000000 53.851648 44.000000 77.665951 39.698866 38.832976 54.626001 39.293765 40.496913 66.211781 60.827625 26.832816 24.083189 63.560994 60.728906 50.159745 55.172457 26.305893 68.818602 32.062439 71.021124 71.021124 44.181444 0.000000 16.492423 58.000000 
62 62.801274 60.464866 38.626416 21.540659 44.721360 49.193496 34.985711 36.878178 34.985711 28.284271 20.591260 63.560994 31.048349 30.463092 70.936591 39.849718 20.591260 42.801869 55.785303 55.172457 38.470768 62.769419 43.863424 30.000000 39.293765 33.286634 59.396970 45.607017 36.055513 42.190046 39.849718 40.496913 59.396970 57.271284 29.732137 44.944410 23.409400 36.715120 38.418745 28.284271 67.882251 26.076810 24.083189 38.470768 42.426407 48.414874 50.119856 44.407207 20.396078 24.413111 51.613952 47.413078 34.928498 48.373546 42.000000 59.464275 40.249224 56.320511 60.827625 44.721360 16.492423 0.000000 42.190046 
