#

param c:
    1  2  3  4  5  6  7  8  9 10 11 12 13 14 15 16 17 18 19 20 21 22 23 24 25 26 27 28 29 30 31 32 33 34 35 36 37 38 39 40 41 42 43 44 45 46 47 48 49 50 51 52 53 54 55 56 57 58 59 60 61 62 63 64 65 66 67 68 69 :=
 1 0.000000 54.230987 34.655447 54.129474 44.821870 37.536649 57.245087 13.038405 61.131007 46.270941 60.000000 39.217343 27.856777 53.814496 27.202941 55.009090 44.283180 57.008771 22.825424 6.082763 63.812225 36.345564 23.259407 30.364453 11.180340 40.311289 25.612497 24.413111 8.246211 31.575307 47.675990 17.492856 57.008771 55.443665 17.492856 66.468037 61.098281 44.045431 49.729267 56.435804 46.690470 59.363288 26.019224 19.646883 52.478567 69.310894 37.802116 38.600518 52.554733 64.637450 45.276926 50.695167 29.068884 32.695565 26.907248 39.204592 55.000000 22.561028 21.931712 61.741396 44.821870 36.400549 45.177428 49.193496 31.016125 28.319605 29.732137 28.160256 47.507894 
 2 54.230987 0.000000 87.464278 75.026662 79.246451 25.961510 81.154174 66.098411 38.078866 86.683332 15.132746 40.311289 39.204592 62.585941 58.215118 74.330344 10.198039 14.866069 73.498299 55.946403 55.145263 87.475711 42.449971 64.660653 45.276926 58.189346 30.413813 70.349129 53.600373 33.015148 79.924965 69.115845 14.866069 106.400188 59.304300 68.066144 7.071068 17.464249 34.058773 28.635642 29.274562 53.000000 49.254441 34.885527 69.892775 69.000000 28.460499 73.681748 2.236068 114.214710 11.180340 74.732858 25.298221 81.055537 32.015621 81.055537 21.587033 45.011110 49.517674 47.381431 85.287748 90.476516 17.720045 36.235342 85.234969 71.028163 49.648766 81.608823 45.891176 
 3 34.655447 87.464278 0.000000 54.120237 59.076222 72.138755 53.254108 27.730849 84.380092 29.732137 94.493386 71.867934 52.886671 63.063460 52.810984 55.901699 77.935871 91.547802 14.560220 31.622777 79.630396 31.016125 48.083261 34.365681 42.190046 67.052218 60.207973 38.327536 39.408121 58.821765 40.224371 18.357560 91.547802 21.470911 42.154478 75.584390 94.021274 78.644771 73.824115 82.764727 72.780492 75.425460 56.356011 52.697249 56.080300 78.746428 72.249567 55.036352 85.586214 31.384710 79.404030 49.648766 63.007936 13.416408 61.522354 48.373546 83.522452 54.918121 41.976184 81.024688 52.952809 17.204651 75.392307 82.661962 13.601471 43.185646 47.169906 21.213203 66.000000 
 4 54.129474 75.026662 54.120237 0.000000 98.270036 77.025970 6.403124 61.611687 48.836462 28.160256 88.600226 86.579443 39.115214 15.811388 81.154174 2.000000 70.092796 86.833173 44.687806 48.301139 34.438351 79.981248 39.051248 24.413111 48.507731 93.300589 65.069194 76.275815 62.241465 43.737855 15.132746 46.690470 86.833173 58.309519 71.554175 24.083189 78.721026 77.781746 43.829214 53.413481 47.010637 31.906112 78.160092 54.147945 5.656854 27.018512 79.000000 92.282176 72.801099 60.133186 73.756356 4.472136 62.072538 40.706265 69.180922 90.801982 58.523500 73.246160 34.713110 40.224371 96.400207 69.892775 57.384667 93.005376 64.404969 80.993827 29.017236 68.680419 30.805844 
 5 44.821870 79.246451 59.076222 98.270036 0.000000 53.460266 100.647901 37.161808 100.846418 84.202138 76.006579 41.048752 70.292247 98.595132 21.931712 99.322706 69.856997 73.000000 57.567352 50.219518 107.168092 31.048349 66.528190 73.925638 53.758720 23.537205 51.623638 22.472205 37.483330 71.847060 89.554453 53.488316 73.000000 78.313473 27.586228 111.126055 85.988371 62.393910 89.888820 93.914855 85.586214 102.825094 30.364453 55.758407 97.082439 113.899078 51.244512 6.403124 78.644771 88.459030 68.066144 94.514549 58.309519 66.708320 48.383882 11.401754 90.077744 35.468296 66.603303 103.812331 9.899495 45.541190 79.309520 50.803543 46.010868 17.464249 74.330344 38.000000 90.785461 
 6 37.536649 25.961510 72.138755 77.025970 53.460266 0.000000 82.219219 46.615448 55.605755 79.849859 24.351591 15.000000 38.013156 68.883960 33.060551 77.000000 17.492856 21.189620 60.000000 41.617304 68.447060 65.192024 38.209946 59.203040 33.105891 32.310989 13.000000 47.127487 33.600595 34.525353 76.902536 54.817880 21.189620 92.956979 36.400549 78.160092 32.557641 9.000000 47.010637 46.754679 41.677332 65.000000 24.083189 23.769729 73.027392 80.006250 2.828427 48.093659 25.632011 102.004902 14.866069 75.239617 15.033296 69.339743 10.630146 56.142675 41.036569 20.880613 43.931765 62.265560 60.000000 71.021124 31.240999 16.278821 66.610810 46.872167 48.093659 61.400326 54.405882 
 7 57.245087 81.154174 53.254108 6.403124 100.647901 82.219219 0.000000 63.631753 55.172457 25.298221 94.556861 91.197588 44.553339 22.022716 84.433406 7.810250 75.960516 92.720009 45.343136 51.264022 40.311289 80.659779 44.045431 26.925824 52.611786 97.015463 70.007142 78.390050 65.459911 49.477268 13.038405 48.010416 92.720009 55.108983 74.464757 28.861739 84.970583 83.360662 50.219518 59.816386 53.338541 38.013156 82.000000 59.000000 12.041595 31.575307 84.095184 94.810337 78.924014 56.008928 79.555012 7.000000 67.364679 40.000000 74.006756 92.649879 64.899923 77.278716 39.115214 46.400431 98.183502 69.656299 63.560994 98.045908 64.443774 83.240615 34.132096 69.354164 37.202150 
 8 13.038405 66.098411 27.730849 61.611687 37.161808 46.615448 63.631753 0.000000 73.979727 47.675990 70.327804 44.407207 40.521599 63.890531 25.495098 62.801274 55.973208 67.230945 21.095023 15.652476 75.591005 23.345235 35.735137 37.202150 24.186773 39.812058 36.249138 14.764823 13.038405 44.553339 52.392748 16.492423 67.230945 49.193496 14.560220 76.837491 73.082146 54.203321 62.585941 69.462220 59.682493 71.119618 28.653098 32.249031 60.959003 79.812280 46.227697 31.622777 64.560050 59.093147 56.462377 57.688820 40.804412 31.000000 36.359318 29.206164 68.007353 27.658633 33.120990 74.094534 34.828150 24.596748 58.077534 55.443665 20.000000 19.697716 40.816663 15.524175 59.506302 
 9 61.131007 38.078866 84.380092 48.836462 100.846418 55.605755 55.172457 73.979727 0.000000 70.682388 53.150729 70.178344 33.541020 33.241540 79.075913 47.381431 39.824616 52.886671 70.114193 58.855756 18.681542 97.293371 38.470768 51.662365 50.000000 85.041167 50.447993 84.504438 65.551506 29.732137 59.682493 68.007353 52.886671 97.800818 74.732858 33.241540 38.052595 50.606324 11.401754 9.486833 15.264338 18.357560 71.610055 45.177428 43.185646 33.241540 58.412327 94.514549 36.400549 102.883429 43.829214 50.606324 43.931765 73.348483 54.561891 98.488578 16.492423 66.030296 43.011626 10.440307 103.788246 94.191295 24.413111 70.491134 88.141931 87.321246 37.215588 87.965902 19.697716 
10 46.270941 86.683332 29.732137 28.160256 84.202138 79.849859 25.298221 47.675990 70.682388 0.000000 97.637083 84.929382 47.507894 41.436699 72.062473 30.149627 79.056942 95.189285 26.683328 40.447497 60.207973 59.682493 44.407207 22.022716 46.818800 86.000000 66.850580 61.846584 54.083269 53.814496 13.038405 31.256999 95.189285 30.149627 61.131007 52.009614 92.021737 83.648072 62.433965 72.401657 63.600314 56.753854 72.249567 56.364883 32.015621 55.036352 80.993827 79.075913 84.504438 32.756679 81.835200 24.020824 66.648331 17.888544 69.892775 74.672619 75.604233 68.731361 37.443290 64.195015 79.849859 46.861498 70.710678 93.962759 42.438190 66.940272 37.483330 48.764741 50.990195 
11 60.000000 15.132746 94.493386 88.600226 76.006579 24.351591 94.556861 70.327804 53.150729 97.637083 0.000000 35.014283 50.990195 76.941536 56.885851 88.056800 18.788294 3.162278 81.344945 63.031738 70.256672 89.537702 53.338541 75.802375 53.037722 53.150729 34.409301 71.470274 57.306195 45.310043 92.135769 76.485293 3.162278 114.586212 60.745370 83.006024 16.643317 16.124515 49.000000 43.737855 44.045431 68.029405 48.052055 42.449971 83.677954 84.023806 25.709920 71.175839 17.029386 123.069086 15.811388 87.920419 31.827661 89.872131 34.000000 79.906195 36.674242 45.221676 60.207973 62.513998 83.384651 94.894678 32.140317 27.202941 90.210864 71.063352 61.741396 85.422479 60.406953 
12 39.217343 40.311289 71.867934 86.579443 41.048752 15.000000 91.197588 44.407207 70.178344 84.929382 35.014283 0.000000 48.764741 80.361682 23.706539 86.833173 32.449961 32.062439 61.846584 44.643029 81.987804 58.523500 47.675990 66.121101 39.051248 18.248288 22.135944 40.224371 32.649655 46.615448 84.148678 56.462377 32.062439 93.295230 31.112698 90.620086 46.486557 22.847319 61.032778 61.522354 55.803226 78.294317 16.278821 32.557641 83.186537 92.703829 12.206556 36.496575 40.249224 102.956301 29.529646 84.214013 27.294688 71.867934 17.720045 45.880279 55.973208 17.000000 52.086467 76.275815 48.836462 67.178866 45.967380 11.401754 63.780875 38.470768 57.706152 57.280014 67.119297 
13 27.856777 39.204592 52.886671 39.115214 70.292247 38.013156 44.553339 40.521599 33.541020 47.507894 50.990195 48.764741 0.000000 31.622777 49.517674 39.012818 32.202484 48.846699 38.327536 25.317978 36.878178 63.788714 5.000000 25.495098 17.000000 58.830264 26.683328 51.884487 33.286634 6.403124 41.146081 35.355339 48.846699 69.354164 43.011626 42.544095 44.553339 38.832976 22.203603 30.149627 20.099751 32.557641 43.829214 16.552945 35.014283 44.944410 40.112342 63.890531 37.013511 76.275815 35.468296 37.656341 23.000000 43.829214 31.048349 66.370174 30.675723 38.275318 11.180340 34.000000 71.867934 61.000000 23.600847 54.147945 55.009090 55.226805 10.770330 54.451814 20.518285 
14 53.814496 62.585941 63.063460 15.811388 98.595132 68.883960 22.022716 63.890531 33.241540 41.436699 76.941536 80.361682 31.622777 0.000000 79.322128 14.212670 59.135438 75.538070 51.078371 48.795492 18.973666 84.905830 33.541020 29.154759 45.486262 89.894382 58.240879 77.794601 61.220911 34.365681 28.861739 51.478151 75.538070 71.063352 71.063352 13.038405 65.459911 68.029405 29.546573 38.587563 33.526109 16.124515 74.706091 48.104054 10.295630 16.124515 71.196910 92.314679 60.415230 74.148500 63.071388 18.384776 53.935146 50.009999 62.641839 92.655275 44.283180 69.318107 32.015621 24.413111 98.310732 77.077883 44.911023 85.158675 71.175839 82.036577 24.413111 73.925638 16.763055 
15 27.202941 58.215118 52.810984 81.154174 21.931712 33.060551 84.433406 25.495098 79.075913 72.062473 56.885851 23.706539 49.517674 79.322128 0.000000 81.939002 48.507731 53.758720 46.097722 33.241540 86.278618 35.000000 46.227697 57.567352 33.837849 14.317821 29.732137 16.970563 18.973666 50.447993 74.732858 41.012193 53.758720 74.094534 11.045361 91.400219 65.122961 42.047592 68.242216 72.006944 63.812225 82.024387 9.000000 34.205263 79.158070 94.021274 31.256999 15.811388 57.428216 84.154620 47.095647 77.833155 36.400549 56.222771 26.683328 23.086793 68.154237 13.601471 47.507894 82.462113 27.073973 45.000000 57.384667 34.985711 42.544095 14.764823 54.918121 35.227830 70.007142 
16 55.009090 74.330344 55.901699 2.000000 99.322706 77.000000 7.810250 62.801274 47.381431 30.149627 88.056800 86.833173 39.012818 14.212670 81.939002 0.000000 69.634761 86.348133 46.227697 49.244289 32.649655 81.467785 39.204592 25.612497 49.040799 93.920179 65.192024 77.420927 63.071388 43.416587 17.117243 48.083261 86.348133 60.299254 72.470684 22.090722 77.878110 77.524190 42.720019 52.201533 46.065171 30.232433 78.746428 54.332311 4.472136 25.019992 79.025312 93.295230 72.111026 62.128898 73.348483 6.324555 62.008064 42.485292 69.354164 92.005435 57.454330 73.763134 35.171011 38.600518 97.616597 71.561163 56.648036 93.048375 66.030296 82.097503 29.154759 70.178344 29.681644 
17 44.283180 10.198039 77.935871 70.092796 69.856997 17.492856 75.960516 55.973208 39.824616 79.056942 18.788294 32.449961 32.202484 59.135438 48.507731 69.634761 0.000000 16.763055 64.202804 46.324939 54.817880 77.278716 34.669872 57.140179 35.805028 49.658836 20.223748 60.207973 43.416587 26.570661 73.348483 59.640590 16.763055 97.308787 49.162994 66.370174 17.262677 10.816654 32.984845 30.528675 27.658633 51.971146 39.623226 25.238859 65.306967 67.742158 20.248457 64.132675 9.000000 105.418215 4.123106 69.260378 15.231546 72.180330 22.022716 71.175839 24.207437 35.128336 41.617304 47.759816 75.538070 80.411442 15.811388 30.805844 75.239617 61.000000 42.953463 71.470274 43.011626 
18 57.008771 14.866069 91.547802 86.833173 73.000000 21.189620 92.720009 67.230945 52.886671 95.189285 3.162278 32.062439 48.846699 75.538070 53.758720 86.348133 16.763055 0.000000 78.492038 60.141500 69.584481 86.377080 51.000000 73.430239 50.249378 50.249378 31.400637 68.308125 54.203321 43.324358 89.961103 73.593478 0.000000 111.731822 57.584720 82.024387 17.691806 13.038405 48.093659 43.416587 43.011626 67.186308 44.911023 39.698866 82.000000 83.150466 22.561028 68.117545 16.492423 120.283000 13.416408 86.023253 29.068884 87.114867 30.886890 76.791927 36.400549 42.059482 57.801384 61.983869 80.305666 91.787799 31.000000 24.698178 87.132084 67.911707 59.615434 82.298238 59.135438 
19 22.825424 73.498299 14.560220 44.687806 57.567352 60.000000 45.343136 21.095023 70.114193 26.683328 81.344945 61.846584 38.327536 51.078371 46.097722 46.227697 64.202804 78.492038 0.000000 18.439089 66.490601 35.355339 33.526109 21.931712 28.425341 60.299254 47.507894 35.171011 29.410882 44.271887 33.015148 5.385165 78.492038 33.241540 35.057096 63.976558 79.924965 65.795137 59.413803 68.249542 58.249464 62.169124 47.539457 39.051248 45.486262 67.119297 60.464866 52.392748 71.561163 42.011903 65.946948 40.360872 49.578221 10.198039 49.406477 48.332184 68.963759 44.944410 27.459060 67.268120 53.665631 26.000000 60.926185 72.006944 20.124612 40.261644 33.000000 24.041631 52.153619 
20 6.082763 55.946403 31.622777 48.301139 50.219518 41.617304 51.264022 15.652476 58.855756 40.447497 63.031738 44.643029 25.317978 48.795492 33.241540 49.244289 46.324939 60.141500 18.439089 0.000000 59.941638 38.600518 20.396078 24.351591 10.770330 46.389654 29.068884 29.000000 14.317821 30.000000 41.593269 13.453624 60.141500 51.623638 23.259407 61.619802 62.609903 47.381431 47.518417 55.009090 45.044423 55.470713 32.000000 21.095023 46.872167 64.536811 42.190046 44.102154 54.120237 60.440053 47.801674 44.777226 31.400637 27.784888 31.064449 43.863424 54.332311 28.284271 17.492856 58.523500 49.517674 36.221541 45.122057 54.230987 30.413813 33.301652 25.238859 29.154759 43.863424 
21 63.812225 55.145263 79.630396 34.438351 107.168092 68.447060 40.311289 75.591005 18.681542 60.207973 70.256672 81.987804 36.878178 18.973666 86.278618 32.649655 54.817880 69.584481 66.490601 59.941638 0.000000 98.086696 40.804412 45.276926 53.600373 94.641429 60.464866 88.204308 70.000000 36.235342 47.801674 65.802736 69.584481 89.453899 79.812280 14.764823 56.080300 65.145990 21.840330 27.073973 27.202941 4.472136 80.056230 52.402290 29.154759 14.560220 71.112587 100.767058 53.235327 92.962358 58.940648 37.336309 54.708317 67.119297 64.899923 102.902867 34.014703 74.411021 42.485292 8.246211 108.466585 92.179173 39.051248 84.308956 86.127812 91.836812 34.928498 87.664132 16.401219 
22 36.345564 87.475711 31.016125 79.981248 31.048349 65.192024 80.659779 23.345235 97.293371 59.682493 89.537702 58.523500 63.788714 84.905830 35.000000 81.467785 77.278716 86.377080 35.355339 38.600518 98.086696 0.000000 58.940648 56.400355 47.518417 46.754679 57.070132 18.357560 34.132096 67.896981 68.117545 33.600595 86.377080 48.010416 28.792360 97.943861 94.540996 73.681748 85.906926 92.779308 83.024093 93.621579 42.544095 55.000000 80.430094 101.019800 64.078077 29.068884 86.145226 58.008620 77.129761 75.690158 62.513998 41.880783 56.044625 19.646883 91.137259 44.384682 55.713553 97.082439 23.021729 15.033296 81.006173 69.892775 17.464249 20.518285 63.158531 11.313708 82.280010 
23 23.259407 42.449971 48.083261 39.051248 66.528190 38.209946 44.045431 35.735137 38.470768 44.407207 53.338541 47.675990 5.000000 33.541020 46.227697 39.204592 34.669872 51.000000 33.526109 20.396078 40.804412 58.940648 0.000000 22.472205 12.806248 56.356011 26.019224 47.507894 29.206164 10.770330 39.217343 30.413813 51.000000 65.000000 39.051248 45.221676 48.166378 40.162171 27.166155 35.128336 25.079872 36.400549 41.182521 15.132746 35.510562 47.801674 40.049969 60.141500 40.311289 72.201108 37.589892 37.054015 23.537205 39.446166 30.149627 62.128898 35.440090 35.777088 7.071068 38.483763 67.675697 56.000000 27.784888 54.009258 50.009999 51.039201 10.049876 49.497475 24.413111 
24 30.364453 64.660653 34.365681 24.413111 73.925638 59.203040 26.925824 37.202150 51.662365 22.022716 75.802375 66.121101 25.495098 29.154759 57.567352 25.612497 57.140179 73.430239 21.931712 24.351591 45.276926 56.400355 22.472205 0.000000 27.073973 70.405966 46.324939 51.865210 38.600518 31.827661 18.027756 22.803509 73.430239 46.173586 47.539457 42.047592 70.035705 62.241465 42.154478 51.894123 42.544095 41.109610 55.578773 35.440090 24.083189 45.188494 60.638272 68.000000 62.481997 51.884487 60.033324 20.591260 45.310043 22.022716 49.819675 66.400301 54.378304 51.156622 15.652476 47.095647 72.006944 47.927028 48.836462 74.148500 42.047592 56.603887 15.811388 45.221676 32.388269 
25 11.180340 45.276926 42.190046 48.507731 53.758720 33.105891 52.611786 24.186773 50.000000 46.818800 53.037722 39.051248 17.000000 45.486262 33.837849 49.040799 35.805028 50.249378 28.425341 10.770330 53.600373 47.518417 12.806248 27.073973 0.000000 44.944410 20.124612 34.885527 16.401219 20.396078 45.099889 23.853721 50.249378 61.619802 26.248809 57.628118 51.884487 37.802116 38.600518 45.276926 35.510562 49.203658 29.732137 10.630146 45.880279 60.307545 34.176015 47.381431 43.416587 70.035705 37.536649 45.705580 21.213203 36.878178 23.086793 49.396356 44.045431 24.738634 13.928388 51.000000 54.918121 46.690470 34.525353 47.296934 41.000000 38.275318 21.095023 39.012818 37.202150 
26 40.311289 58.189346 67.052218 93.300589 23.537205 32.310989 97.015463 39.812058 85.041167 86.000000 53.150729 18.248288 58.830264 89.894382 14.317821 93.920179 49.658836 50.249378 60.299254 46.389654 94.641429 46.754679 56.356011 70.405966 44.944410 0.000000 34.655447 30.016662 32.140317 58.412327 87.965902 55.145263 50.249378 88.255311 25.317978 101.355809 64.560050 40.804412 74.953319 77.006493 70.035705 90.603532 15.231546 42.438190 90.824006 103.773792 29.732137 20.124612 57.939624 98.351411 47.169906 90.249654 41.109610 70.455660 30.479501 30.528675 72.111026 20.591260 58.872744 89.872131 32.310989 58.309519 61.611687 27.294688 56.364883 26.400758 65.795137 48.764741 78.816242 
27 25.612497 30.413813 60.207973 65.069194 51.623638 13.000000 70.007142 36.249138 50.447993 66.850580 34.409301 22.135944 26.683328 58.240879 29.732137 65.192024 20.223748 31.400637 47.507894 29.068884 60.464866 57.070132 26.019224 46.324939 20.124612 34.655447 0.000000 40.049969 23.409400 24.596748 64.132675 42.449971 31.400637 80.659779 29.017236 68.541958 37.483330 18.439089 40.311289 42.720019 35.383612 56.603887 21.470911 11.045361 61.400326 70.682388 14.317821 45.541190 29.154759 89.498603 20.248457 63.007936 6.708204 56.612719 4.472136 51.623638 38.483763 16.155494 31.256999 55.317267 56.293872 60.835845 27.730849 28.071338 55.946403 41.109610 36.055513 51.623638 45.177428 
28 24.413111 70.349129 38.327536 76.275815 22.472205 47.127487 78.390050 14.764823 84.504438 61.846584 71.470274 40.224371 51.884487 77.794601 16.970563 77.420927 60.207973 68.308125 35.171011 29.000000 88.204308 18.357560 47.507894 51.865210 34.885527 30.016662 40.049969 0.000000 18.973666 54.781384 67.119297 31.016125 68.308125 58.940648 11.045361 90.609050 77.414469 55.785303 73.164199 78.847955 69.570109 83.761566 24.186773 40.024992 75.432089 93.509358 45.880279 17.262677 69.180922 69.123079 59.682493 72.401657 46.010868 44.553339 38.470768 14.866069 76.295478 26.248809 46.227697 85.883642 20.518285 28.301943 65.764732 51.613952 26.570661 5.099020 54.037024 18.788294 71.867934 
29 8.246211 53.600373 39.408121 62.241465 37.483330 33.600595 65.459911 13.038405 65.551506 54.083269 57.306195 32.649655 33.286634 61.220911 18.973666 63.071388 43.416587 54.203321 29.410882 14.317821 70.000000 34.132096 29.206164 38.600518 16.401219 32.140317 23.409400 18.973666 0.000000 35.846897 55.901699 24.041631 54.203321 60.745370 9.899495 73.661387 60.638272 41.182521 54.230987 59.908263 50.596443 65.604878 18.248288 21.213203 60.415230 76.419893 33.301652 31.144823 52.172790 70.327804 43.657760 58.872744 28.442925 39.560081 23.323808 33.120990 57.558666 15.652476 29.206164 67.230945 38.587563 37.589892 47.169906 43.266615 33.015148 21.954498 36.878178 28.231188 53.600373 
30 31.575307 33.015148 58.821765 43.737855 71.847060 34.525353 49.477268 44.553339 29.732137 53.814496 45.310043 46.615448 6.403124 34.365681 50.447993 43.416587 26.570661 43.324358 44.271887 30.000000 36.235342 67.896981 10.770330 31.827661 20.396078 58.412327 24.596748 54.781384 35.846897 0.000000 47.010637 41.000000 43.324358 75.663730 45.177428 44.011362 38.209946 34.132096 18.384776 25.019992 15.132746 32.202484 43.863424 16.278821 39.204592 46.097722 36.878178 65.459911 30.805844 82.661962 30.083218 42.720019 19.646883 50.119856 29.068884 68.876701 24.738634 38.209946 17.492856 32.015621 74.242845 66.121101 17.204651 50.803543 60.207973 57.697487 16.643317 59.076222 20.591260 
31 47.675990 79.924965 40.224371 15.132746 89.554453 76.902536 13.038405 52.392748 59.682493 13.038405 92.135769 84.148678 41.146081 28.861739 74.732858 17.117243 73.348483 89.961103 33.015148 41.593269 47.801674 68.117545 39.217343 18.027756 45.099889 87.965902 64.132675 67.119297 55.901699 47.010637 0.000000 36.235342 89.961103 43.185646 64.288413 39.000000 84.628600 79.378838 52.497619 62.481997 54.451814 44.598206 73.334848 53.150729 19.104973 42.011903 78.447435 83.934498 77.698134 45.398238 76.557168 11.000000 62.641839 27.018512 67.742158 81.006173 66.468037 69.065187 32.984845 52.392748 86.452299 56.727418 63.007936 92.070625 51.623638 72.090221 30.413813 56.850682 40.224371 
32 17.492856 69.115845 18.357560 46.690470 53.488316 54.817880 48.010416 16.492423 68.007353 31.256999 76.485293 56.462377 35.355339 51.478151 41.012193 48.083261 59.640590 73.593478 5.385165 13.453624 65.802736 33.600595 30.413813 22.803509 23.853721 55.145263 42.449971 31.016125 24.041631 41.000000 36.235342 0.000000 73.593478 38.209946 30.000000 64.498062 75.663730 60.811183 57.035077 65.490457 55.443665 61.400326 42.201896 34.409301 46.861498 67.601775 55.217751 48.083261 67.230945 47.201695 61.220911 42.520583 44.821870 15.524175 44.204072 44.777226 65.734314 39.560081 25.000000 65.924199 50.249378 26.476405 57.245087 66.648331 20.396078 36.055513 31.400637 22.472205 50.803543 
33 57.008771 14.866069 91.547802 86.833173 73.000000 21.189620 92.720009 67.230945 52.886671 95.189285 3.162278 32.062439 48.846699 75.538070 53.758720 86.348133 16.763055 0.000000 78.492038 60.141500 69.584481 86.377080 51.000000 73.430239 50.249378 50.249378 31.400637 68.308125 54.203321 43.324358 89.961103 73.593478 0.000000 111.731822 57.584720 82.024387 17.691806 13.038405 48.093659 43.416587 43.011626 67.186308 44.911023 39.698866 82.000000 83.150466 22.561028 68.117545 16.492423 120.283000 13.416408 86.023253 29.068884 87.114867 30.886890 76.791927 36.400549 42.059482 57.801384 61.983869 80.305666 91.787799 31.000000 24.698178 87.132084 67.911707 59.615434 82.298238 59.135438 
34 55.443665 106.400188 21.470911 58.309519 78.313473 92.956979 55.108983 49.193496 97.800818 30.149627 114.586212 93.295230 69.354164 71.063352 74.094534 60.299254 97.308787 111.731822 33.241540 51.623638 89.453899 48.010416 65.000000 46.173586 61.619802 88.255311 80.659779 58.940648 60.745370 75.663730 43.185646 38.209946 111.731822 0.000000 63.560994 82.097503 112.645462 99.005050 88.255311 97.862148 88.238314 85.708809 77.826731 72.249567 62.032250 85.146932 93.236259 74.966659 104.403065 10.198039 99.156442 54.147945 82.807005 25.553865 82.328610 67.119297 99.744674 76.321688 58.180753 92.574294 71.000000 33.000000 92.784697 104.009615 32.557641 63.560994 61.465437 40.607881 78.339007 
35 17.492856 59.304300 42.154478 71.554175 27.586228 36.400549 74.464757 14.560220 74.732858 61.131007 60.745370 31.112698 43.011626 71.063352 11.045361 72.470684 49.162994 57.584720 35.057096 23.259407 79.812280 28.792360 39.051248 47.539457 26.248809 25.317978 29.017236 11.045361 9.899495 45.177428 64.288413 30.000000 57.584720 63.560994 0.000000 83.546394 66.370174 44.922155 63.505905 68.622154 59.615434 75.432089 14.866069 29.732137 69.971423 86.313383 35.341194 21.260292 58.137767 73.539105 48.662100 68.029405 35.057096 45.177428 27.459060 23.769729 65.734314 15.652476 39.051248 76.850504 29.068884 36.069378 55.108983 42.449971 32.802439 12.649111 46.754679 26.172505 63.411355 
36 66.468037 68.066144 75.584390 24.083189 111.126055 78.160092 28.861739 76.837491 33.241540 52.009614 83.006024 90.620086 42.544095 13.038405 91.400219 22.090722 66.370174 82.024387 63.976558 61.619802 14.764823 97.943861 45.221676 42.047592 57.628118 101.355809 68.541958 90.609050 73.661387 44.011362 39.000000 64.498062 82.024387 82.097503 83.546394 0.000000 69.720872 76.118329 34.014703 41.000000 39.012818 15.297059 86.284413 59.059292 20.099751 3.162278 80.653580 104.804580 66.030296 84.214013 70.455660 28.000000 63.568860 62.361847 73.006849 105.475116 47.675990 80.777472 44.553339 22.847319 111.126055 89.961103 51.039201 94.371606 84.095184 94.762862 36.796739 86.954011 23.769729 
37 61.098281 7.071068 94.021274 78.721026 85.988371 32.557641 84.970583 73.082146 38.052595 92.021737 16.643317 46.486557 44.553339 65.459911 65.122961 77.878110 17.262677 17.691806 79.924965 62.609903 56.080300 94.540996 48.166378 70.035705 51.884487 64.560050 37.483330 77.414469 60.638272 38.209946 84.628600 75.663730 17.691806 112.645462 66.370174 69.720872 0.000000 23.769729 36.138622 29.017236 31.953091 54.451814 56.142675 41.629317 73.409809 70.349129 34.928498 80.504658 8.544004 120.253898 18.027756 78.771822 32.280025 87.200917 39.051248 88.022724 22.090722 52.000000 55.226805 48.010416 92.195445 97.406365 21.633308 41.340053 92.114060 78.057671 54.671748 88.600226 48.703183 
38 44.045431 17.464249 78.644771 77.781746 62.393910 9.000000 83.360662 54.203321 50.606324 83.648072 16.124515 22.847319 38.832976 68.029405 42.047592 77.524190 10.816654 13.038405 65.795137 47.381431 65.145990 73.681748 40.162171 62.241465 37.802116 40.804412 18.439089 55.785303 41.182521 34.132096 79.378838 60.811183 13.038405 99.005050 44.922155 76.118329 23.769729 0.000000 43.324358 41.340053 37.947332 62.096699 33.060551 27.459060 73.334848 77.665951 11.180340 57.078893 17.492856 107.712581 7.071068 76.485293 17.000000 74.652528 17.888544 65.122961 35.000000 29.614186 46.615448 58.309519 69.000000 78.771822 26.400758 20.000000 74.094534 55.731499 49.477268 69.318107 52.469038 
39 49.729267 34.058773 73.824115 43.829214 89.888820 47.010637 50.219518 62.585941 11.401754 62.433965 49.000000 61.032778 22.203603 29.546573 68.242216 42.720019 32.984845 48.093659 59.413803 47.518417 21.840330 85.906926 27.166155 42.154478 38.600518 74.953319 40.311289 73.164199 54.230987 18.384776 52.497619 57.035077 48.093659 88.255311 63.505905 34.014703 36.138622 43.324358 0.000000 10.000000 5.385165 19.104973 61.073726 34.132096 38.275318 35.057096 49.739320 83.528438 32.015621 93.941471 37.107951 44.687806 34.058773 63.324561 44.598206 87.235314 14.764823 55.443665 32.062439 15.264338 92.574294 83.054199 17.262677 62.649820 77.025970 76.059187 26.925824 76.655072 13.038405 
40 56.435804 28.635642 82.764727 53.413481 93.914855 46.754679 59.816386 69.462220 9.486833 72.401657 43.737855 61.522354 30.149627 38.587563 72.006944 52.201533 30.528675 43.416587 68.249542 55.009090 27.073973 92.779308 35.128336 51.894123 45.276926 77.006493 42.720019 78.847955 59.908263 25.019992 62.481997 65.490457 43.416587 97.862148 68.622154 41.000000 29.017236 41.340053 10.000000 0.000000 10.049876 25.709920 64.140471 38.897301 47.801674 41.436699 49.578221 87.664132 26.925824 103.754518 34.481879 54.488531 36.055513 72.732386 46.615448 92.357999 7.071068 58.668561 40.792156 19.000000 97.498718 91.049437 15.556349 61.294372 85.094066 81.271151 36.400549 84.095184 22.671568 
41 46.690470 29.274562 72.780492 47.010637 85.586214 41.677332 53.338541 59.682493 15.264338 63.600314 44.045431 55.803226 20.099751 33.526109 63.812225 46.065171 27.658633 43.011626 58.249464 45.044423 27.202941 83.024093 25.079872 42.544095 35.510562 70.035705 35.383612 69.570109 50.596443 15.132746 54.451814 55.443665 43.011626 88.238314 59.615434 39.012818 31.953091 37.947332 5.385165 10.049876 0.000000 24.331050 56.400355 29.966648 41.593269 40.199502 44.418465 79.259069 27.166155 94.413982 31.780497 47.434165 29.000000 62.968246 39.597980 83.384651 12.041595 50.803543 30.805844 20.591260 88.639720 81.024688 12.041595 57.271284 75.059976 72.235725 26.832816 74.168727 16.763055 
42 59.363288 53.000000 75.425460 31.906112 102.825094 65.000000 38.013156 71.119618 18.357560 56.753854 68.029405 78.294317 32.557641 16.124515 82.024387 30.232433 51.971146 67.186308 62.169124 55.470713 4.472136 93.621579 36.400549 41.109610 49.203658 90.603532 56.603887 83.761566 65.604878 32.202484 44.598206 61.400326 67.186308 85.708809 75.432089 15.297059 54.451814 62.096699 19.104973 25.709920 24.331050 0.000000 75.927597 48.270074 26.419690 16.000000 67.623960 96.426138 51.009803 89.498603 56.089215 34.438351 51.000000 63.031738 61.057350 98.473347 32.388269 70.292247 38.013156 8.485281 104.043260 87.800911 36.345564 80.993827 81.743501 87.418534 30.463092 83.216585 12.041595 
43 26.019224 49.254441 56.356011 78.160092 30.364453 24.083189 82.000000 28.653098 71.610055 72.249567 48.052055 16.278821 43.829214 74.706091 9.000000 78.746428 39.623226 44.911023 47.539457 32.000000 80.056230 42.544095 41.182521 55.578773 29.732137 15.231546 21.470911 24.186773 18.248288 43.863424 73.334848 42.201896 44.911023 77.826731 14.866069 86.284413 56.142675 33.060551 61.073726 64.140471 56.400355 75.927597 0.000000 27.658633 75.610846 88.752465 22.360680 24.515301 48.507731 87.664132 38.118237 75.186435 28.178006 57.723479 18.027756 32.062439 59.933296 5.656854 43.657760 75.690158 36.055513 50.911688 49.193496 27.658633 47.634021 23.086793 50.566788 41.012193 64.031242 
44 19.646883 34.885527 52.697249 54.147945 55.758407 23.769729 59.000000 32.249031 45.177428 56.364883 42.449971 32.557641 16.552945 48.104054 34.205263 54.332311 25.238859 39.698866 39.051248 21.095023 52.402290 55.000000 15.132746 35.440090 10.630146 42.438190 11.045361 40.024992 21.213203 16.278821 53.150729 34.409301 39.698866 72.249567 29.732137 59.059292 41.629317 27.459060 34.132096 38.897301 29.966648 48.270074 27.658633 0.000000 50.635956 61.400326 25.317978 49.396356 33.105891 80.622577 26.907248 52.000000 10.630146 47.423623 15.033296 53.488316 36.345564 22.022716 20.223748 48.270074 58.694122 56.044625 26.019224 39.115214 50.596443 42.379240 25.179357 47.675990 36.400549 
45 52.478567 69.892775 56.080300 5.656854 97.082439 73.027392 12.041595 60.959003 43.185646 32.015621 83.677954 83.186537 35.014283 10.295630 79.158070 4.472136 65.306967 82.000000 45.486262 46.872167 29.154759 80.430094 35.510562 24.083189 45.880279 90.824006 61.400326 75.432089 60.415230 39.204592 19.104973 46.861498 82.000000 62.032250 69.971423 20.099751 73.409809 73.334848 38.275318 47.801674 41.593269 26.419690 75.610846 50.635956 0.000000 23.194827 75.106591 90.972523 67.675697 64.498062 69.050706 8.246211 58.008620 42.720019 65.620119 90.138782 53.000000 70.519501 31.953091 34.669872 95.775780 71.196910 52.201533 89.140339 65.513357 80.000000 25.495098 69.202601 25.238859 
46 69.310894 69.000000 78.746428 27.018512 113.899078 80.006250 31.575307 79.812280 33.241540 55.036352 84.023806 92.703829 44.944410 16.124515 94.021274 25.019992 67.742158 83.150466 67.119297 64.536811 14.560220 101.019800 47.801674 45.188494 60.307545 103.773792 70.682388 93.509358 76.419893 46.097722 42.011903 67.601775 83.150466 85.146932 86.313383 3.162278 70.349129 77.665951 35.057096 41.436699 40.199502 16.000000 88.752465 61.400326 23.194827 0.000000 82.540899 107.563934 67.007462 87.143560 71.847060 31.016125 65.551506 65.520989 75.153177 108.374351 48.259714 83.216585 47.381431 22.803509 114.021928 93.107465 52.239832 96.166522 87.235314 97.621719 39.597980 90.049986 25.632011 
47 37.802116 28.460499 72.249567 79.000000 51.244512 2.828427 84.095184 46.227697 58.412327 80.993827 25.709920 12.206556 40.112342 71.196910 31.256999 79.025312 20.248457 22.561028 60.464866 42.190046 71.112587 64.078077 40.049969 60.638272 34.176015 29.732137 14.317821 45.880279 33.301652 36.878178 78.447435 55.217751 22.561028 93.236259 35.341194 80.653580 34.928498 11.180340 49.739320 49.578221 44.418465 67.623960 22.360680 25.317978 75.106591 82.540899 0.000000 46.010868 28.231188 102.415819 17.464249 77.103826 17.262677 69.971423 11.180340 54.332311 43.863424 19.697716 45.541190 65.000000 58.034473 70.455660 34.058773 14.035669 66.219333 45.354162 50.009999 60.745370 56.920998 
48 38.600518 73.681748 55.036352 92.282176 6.403124 48.093659 94.810337 31.622777 94.514549 79.075913 71.175839 36.496575 63.890531 92.314679 15.811388 93.295230 64.132675 68.117545 52.392748 44.102154 100.767058 29.068884 60.141500 68.000000 47.381431 20.124612 45.541190 17.262677 31.144823 65.459911 83.934498 48.083261 68.117545 74.966659 21.260292 104.804580 80.504658 57.078893 83.528438 87.664132 79.259069 96.426138 24.515301 49.396356 90.972523 107.563934 46.010868 0.000000 72.993150 85.158675 62.513998 88.588938 52.201533 61.814238 42.449971 10.630146 83.934498 29.410882 60.307545 97.416631 12.369317 42.720019 73.164199 46.840154 42.426407 12.165525 68.014704 34.365681 84.386018 
49 52.554733 2.236068 85.586214 72.801099 78.644771 25.632011 78.924014 64.560050 36.400549 84.504438 17.029386 40.249224 37.013511 60.415230 57.428216 72.111026 9.000000 16.492423 71.561163 54.120237 53.235327 86.145226 40.311289 62.481997 43.416587 57.939624 29.154759 69.180922 52.172790 30.805844 77.698134 67.230945 16.492423 104.403065 58.137767 66.030296 8.544004 17.492856 32.015621 26.925824 27.166155 51.009803 48.507731 33.105891 67.675697 67.007462 28.231188 72.993150 0.000000 112.160599 10.770330 72.498276 23.769729 79.025312 31.016125 80.156098 19.924859 44.102154 47.381431 45.541190 84.480767 88.865066 15.524175 36.796739 83.570330 70.000000 47.434165 80.081209 43.737855 
50 64.637450 114.214710 31.384710 60.133186 88.459030 102.004902 56.008928 59.093147 102.883429 32.756679 123.069086 102.956301 76.275815 74.148500 84.154620 62.128898 105.418215 120.283000 42.011903 60.440053 92.962358 58.008620 72.201108 51.884487 70.035705 98.351411 89.498603 69.123079 70.327804 82.661962 45.398238 47.201695 120.283000 10.198039 73.539105 84.214013 120.253898 107.712581 93.941471 103.754518 94.413982 89.498603 87.664132 80.622577 64.498062 87.143560 102.415819 85.158675 112.160599 0.000000 107.480231 56.320511 91.241438 33.241540 91.400219 77.233412 106.174385 85.959293 65.215029 96.840074 81.024688 43.046487 99.864909 113.534136 42.755117 73.756356 67.601775 50.803543 83.216585 
51 45.276926 11.180340 79.404030 73.756356 68.066144 14.866069 79.555012 56.462377 43.829214 81.835200 15.811388 29.529646 35.468296 63.071388 47.095647 73.348483 4.123106 13.416408 65.946948 47.801674 58.940648 77.129761 37.589892 60.033324 37.536649 47.169906 20.248457 59.682493 43.657760 30.083218 76.557168 61.220911 13.416408 99.156442 48.662100 70.455660 18.027756 7.071068 37.107951 34.481879 31.780497 56.089215 38.118237 26.907248 69.050706 71.847060 17.464249 62.513998 10.770330 107.480231 0.000000 72.801099 16.401219 74.249579 21.213203 70.007142 28.017851 34.014703 44.418465 51.865210 74.168727 81.024688 19.924859 27.018512 76.026311 60.133186 46.238512 71.867934 47.042534 
52 50.695167 74.732858 49.648766 4.472136 94.514549 75.239617 7.000000 57.688820 50.606324 24.020824 87.920419 84.214013 37.656341 18.384776 77.833155 6.324555 69.260378 86.023253 40.360872 44.777226 37.336309 75.690158 37.054015 20.591260 45.705580 90.249654 63.007936 72.401657 58.872744 42.720019 11.000000 42.520583 86.023253 54.147945 68.029405 28.000000 78.771822 76.485293 44.687806 54.488531 47.434165 34.438351 75.186435 52.000000 8.246211 31.016125 77.103826 88.588938 72.498276 56.320511 72.801099 0.000000 60.406953 36.235342 67.007462 86.838931 59.203040 70.405966 32.140317 42.544095 92.417531 65.459911 57.245087 91.049437 60.000000 77.175126 27.166155 64.381674 31.827661 
53 29.068884 25.298221 63.007936 62.072538 58.309519 15.033296 67.364679 40.804412 43.931765 66.648331 31.827661 27.294688 23.000000 53.935146 36.400549 62.008064 15.231546 29.068884 49.578221 31.400637 54.708317 62.513998 23.537205 45.310043 21.213203 41.109610 6.708204 46.010868 28.442925 19.646883 62.641839 44.821870 29.068884 82.807005 35.057096 63.568860 32.280025 17.000000 34.058773 36.055513 29.000000 51.000000 28.178006 10.630146 58.008620 65.551506 17.262677 52.201533 23.769729 91.241438 16.401219 60.406953 0.000000 58.051701 10.630146 58.051701 31.780497 22.847319 29.732137 49.203658 62.817195 65.192024 21.023796 31.256999 60.008333 47.381431 33.241540 56.320511 39.924930 
54 32.695565 81.055537 13.416408 40.706265 66.708320 69.339743 40.000000 31.000000 73.348483 17.888544 89.872131 71.867934 43.829214 50.009999 56.222771 42.485292 72.180330 87.114867 10.198039 27.784888 67.119297 41.880783 39.446166 22.022716 36.878178 70.455660 56.612719 44.553339 39.560081 50.119856 27.018512 15.524175 87.114867 25.553865 45.177428 62.361847 87.200917 74.652528 63.324561 72.732386 62.968246 63.031738 57.723479 47.423623 42.720019 65.520989 69.971423 61.814238 79.025312 33.241540 74.249579 36.235342 58.051701 0.000000 58.830264 56.920998 74.323617 55.027266 32.649655 69.115845 62.032250 29.732137 67.230945 81.859636 24.839485 49.648766 36.400549 30.886890 54.332311 
55 26.907248 32.015621 61.522354 69.180922 48.383882 10.630146 74.006756 36.359318 54.561891 69.892775 34.000000 17.720045 31.048349 62.641839 26.683328 69.354164 22.022716 30.886890 49.406477 31.064449 64.899923 56.044625 30.149627 49.819675 23.086793 30.479501 4.472136 38.470768 23.323808 29.068884 67.742158 44.204072 30.886890 82.328610 27.459060 73.006849 39.051248 17.888544 44.598206 46.615448 39.597980 61.057350 18.027756 15.033296 65.620119 75.153177 11.180340 42.449971 31.016125 91.400219 21.213203 67.007462 10.630146 58.830264 0.000000 49.162994 42.059482 13.152946 35.057096 59.665736 53.600373 60.901560 31.384710 24.331050 56.302753 39.012818 40.199502 51.429563 49.648766 
56 39.204592 81.055537 48.373546 90.801982 11.401754 56.142675 92.649879 29.206164 98.488578 74.672619 79.906195 45.880279 66.370174 92.655275 23.086793 92.005435 71.175839 76.791927 48.332184 43.863424 102.902867 19.646883 62.128898 66.400301 49.396356 30.528675 51.623638 14.866069 33.120990 68.876701 81.006173 44.777226 76.791927 67.119297 23.769729 105.475116 88.022724 65.122961 87.235314 92.357999 83.384651 98.473347 32.062439 53.488316 90.138782 108.374351 54.332311 10.630146 80.156098 77.233412 70.007142 86.838931 58.051701 56.920998 49.162994 0.000000 89.286057 36.055513 61.073726 100.344407 5.656854 34.234486 78.587531 56.648036 35.057096 11.180340 68.883960 27.166155 86.533231 
57 55.000000 21.587033 83.522452 58.523500 90.077744 41.036569 64.899923 68.007353 16.492423 75.604233 36.674242 55.973208 30.675723 44.283180 68.154237 57.454330 24.207437 36.400549 68.963759 54.332311 34.014703 91.137259 35.440090 54.378304 44.045431 72.111026 38.483763 76.295478 57.558666 24.738634 66.468037 65.734314 36.400549 99.744674 65.734314 47.675990 22.090722 35.000000 14.764823 7.071068 12.041595 32.388269 59.933296 36.345564 53.000000 48.259714 43.863424 83.934498 19.924859 106.174385 28.017851 59.203040 31.780497 74.323617 42.059482 89.286057 0.000000 54.626001 41.785165 26.019224 94.254973 90.553851 10.770330 55.000000 84.717177 78.339007 38.587563 83.054199 27.784888 
