#

param c:
    1  2  3  4  5  6  7  8  9 10 11 12 13 14 15 16 17 18 19 20 21 22 23 24 25 26 27 28 29 30 31 32 33 34 35 36 37 38 39 40 41 42 43 44 45 46 47 48 49 50 51 52 53 54 55 56 57 58 59 60 61 62 63 64 :=
 1 0.000000 62.481997 96.000000 48.373546 68.117545 76.236474 5.656854 108.756609 75.286121 50.159745 12.806248 43.863424 61.741396 34.985711 69.426220 35.383612 75.153177 59.665736 50.159745 50.635956 46.690470 95.268043 62.801274 59.228372 58.137767 21.633308 86.278618 67.941151 69.339743 22.803509 57.688820 79.120162 47.539457 29.732137 60.530984 86.278618 99.538937 61.611687 42.379240 88.566359 99.538937 22.627417 38.000000 63.812225 87.817994 31.622777 77.665951 91.760558 33.526109 78.000000 87.361319 50.990195 31.240999 45.650849 76.000000 74.672619 27.784888 49.517674 88.022724 75.286121 70.682388 49.193496 48.703183 88.566359 
 2 62.481997 0.000000 73.756356 24.083189 52.153619 55.317267 56.850682 52.952809 76.967526 45.122057 63.529521 18.867962 16.124515 66.753277 12.165525 27.784888 84.758480 2.828427 36.055513 41.231056 40.447497 36.055513 33.105891 40.249224 74.966659 41.036569 25.059928 10.198039 10.198039 39.698866 17.888544 44.407207 60.299254 39.849718 44.721360 24.413111 52.952809 39.446166 27.202941 41.231056 52.952809 68.352030 48.041649 8.485281 36.221541 33.105891 73.430239 88.204308 38.832976 36.715120 50.119856 39.293765 74.726167 26.000000 60.000000 37.202150 76.550637 13.416408 66.483081 41.231056 81.608823 70.114193 32.557641 75.286121 
 3 96.000000 73.756356 0.000000 59.093147 28.284271 20.880613 92.086915 58.137767 32.557641 46.173586 86.371292 73.348483 89.643739 68.410526 63.655322 74.000000 42.520583 74.027022 104.709121 46.690470 50.635956 63.906181 106.018866 39.849718 51.107729 85.906926 68.963759 65.053824 82.024387 83.952367 57.688820 29.732137 51.419841 68.731361 36.878178 71.693793 38.209946 38.626416 91.235958 41.231056 38.209946 81.584312 58.000000 82.219219 48.332184 72.277244 25.612497 27.202941 64.776539 38.418745 26.832816 47.074409 79.699435 60.166436 20.000000 36.769553 85.440037 71.693793 8.246211 32.557641 43.863424 56.462377 52.497619 12.806248 
 4 48.373546 24.083189 59.093147 0.000000 32.802439 38.470768 42.941821 60.464866 54.918121 21.540659 45.254834 14.422205 35.777088 43.680659 24.166092 16.000000 61.741396 22.360680 46.043458 17.888544 16.492423 48.166378 49.678969 20.000000 50.990195 30.594117 41.182521 23.409400 34.234486 28.635642 10.000000 34.058773 36.221541 19.798990 24.083189 42.047592 51.923020 20.591260 32.249031 40.496913 51.923020 47.707442 24.331050 31.048349 39.446166 17.088007 52.497619 67.941151 17.204651 30.594117 42.000000 16.124515 52.801515 2.828427 41.617304 28.071338 55.569776 14.422205 50.990195 30.066593 58.309519 46.043458 8.944272 57.201399 
 5 68.117545 52.153619 28.284271 32.802439 0.000000 8.246211 64.000000 59.093147 26.305893 18.000000 59.228372 47.201695 66.843100 43.908997 44.944410 46.518813 36.000000 51.613952 78.816242 18.439089 22.360680 56.320511 82.024387 12.806248 34.000000 57.723479 56.320511 45.694639 61.773781 55.785303 34.409301 19.697716 27.202941 40.447497 8.944272 58.549125 41.617304 12.806248 64.899923 36.055513 41.617304 55.713553 30.265492 60.464866 40.792156 44.271887 21.540659 36.055513 36.496575 26.305893 25.612497 18.973666 55.569776 33.286634 8.944272 22.090722 60.827625 46.690470 20.099751 18.439089 34.234486 35.383612 25.059928 24.413111 
 6 76.236474 55.317267 20.880613 38.470768 8.246211 0.000000 72.027772 54.405882 28.284271 26.076810 67.468511 52.839379 70.710678 51.884487 46.647615 53.141321 38.832976 55.172457 84.380092 26.076810 30.066593 54.037024 86.556340 18.973666 40.000000 65.115282 55.785303 47.707442 64.404969 63.150614 38.209946 16.000000 34.985711 48.166378 16.124515 58.240879 35.777088 17.888544 70.710678 32.249031 35.777088 63.906181 38.470768 63.780875 38.000000 51.419841 22.000000 34.176015 44.181444 24.331050 19.697716 26.305893 63.529521 39.395431 6.000000 20.880613 68.876701 51.613952 12.649111 16.492423 37.947332 42.520583 31.622777 20.000000 
 7 5.656854 56.850682 92.086915 42.941821 64.000000 72.027772 0.000000 103.247276 72.801099 46.000000 13.416408 38.209946 56.462377 34.058773 63.780875 29.732137 73.430239 54.037024 46.000000 46.173586 42.190046 89.643739 58.309519 54.589376 56.603887 16.124515 80.622577 62.289646 63.812225 17.204651 52.153619 74.215901 44.944410 24.738634 56.142675 80.622577 94.339811 56.885851 37.363083 83.258633 94.339811 23.323808 34.234486 58.309519 82.365041 26.076810 74.726167 89.196412 28.635642 72.801099 82.462113 46.389654 32.249031 40.249224 72.111026 69.570109 29.732137 43.863424 84.023806 70.342022 68.963759 47.707442 43.680659 85.158675 
 8 108.756609 52.952809 58.137767 60.464866 59.093147 54.405882 103.247276 0.000000 82.462113 68.410526 105.261579 67.230945 66.030296 98.081599 41.761226 74.242845 93.145048 55.317267 88.362888 65.299311 67.941151 18.110770 82.097503 57.201399 93.037627 89.442719 30.066593 43.680659 54.000000 87.658428 51.107729 39.395431 83.761566 80.000000 59.363288 32.249031 20.000000 54.405882 80.049984 23.323808 20.000000 106.075445 79.246451 58.137767 21.260292 77.175126 75.709973 84.095184 76.837491 34.409301 34.928498 63.780875 109.123783 63.245553 60.166436 38.832976 113.172435 62.032250 56.142675 41.182521 92.347171 93.295230 62.289646 68.117545 
 9 75.286121 76.967526 32.557641 54.918121 26.305893 28.284271 72.801099 82.462113 0.000000 34.058773 63.560994 68.410526 90.553851 42.190046 70.880181 65.053824 10.770330 76.026311 99.035347 37.202150 39.698866 82.024387 104.403065 36.769553 20.396078 72.111026 82.607506 71.470274 86.925255 70.455660 59.093147 44.181444 27.856777 54.405882 32.310989 84.852814 63.245553 37.947332 84.899941 60.530984 63.245553 56.320511 40.496913 84.970583 66.121101 60.959003 7.211103 16.492423 51.224994 52.000000 47.539457 38.832976 52.038447 54.405882 22.360680 48.041649 58.034473 69.339743 28.844410 44.000000 11.313708 28.000000 46.043458 20.000000 
10 50.159745 45.122057 46.173586 21.540659 18.000000 26.076810 46.000000 68.410526 34.058773 0.000000 41.761226 34.409301 57.271284 29.732137 42.047592 31.240999 40.249224 43.680659 65.053824 4.000000 5.656854 60.926185 70.455660 11.313708 30.066593 40.496913 57.271284 42.000000 55.317267 38.626416 28.071338 31.622777 16.492423 22.803509 10.770330 58.855756 54.037024 14.142136 50.911688 45.343136 54.037024 39.446166 12.649111 52.497619 47.707442 27.784888 32.802439 48.414874 18.973666 34.058773 39.446166 6.000000 41.036569 20.591260 26.305893 29.732137 45.607017 35.777088 38.052595 28.425341 36.769553 26.683328 12.649111 40.496913 
11 12.806248 63.529521 86.371292 45.254834 59.228372 67.468511 13.416408 105.261579 63.560994 41.761226 0.000000 44.721360 65.969690 22.360680 68.410526 35.777088 62.769419 60.827625 58.309519 43.081318 39.395431 93.380940 70.000000 52.000000 45.694639 26.076810 85.603738 67.201190 71.693793 26.305893 55.172457 72.498276 36.221541 25.455844 52.497619 86.023253 94.021274 54.626001 48.166378 83.761566 94.021274 10.000000 29.120440 66.483081 84.023806 30.528675 66.483081 80.049984 28.425341 72.718636 80.622577 43.863424 18.867962 42.426407 66.483081 68.963759 16.492423 50.119856 78.638413 68.876701 58.309519 36.769553 43.266615 78.025637 
12 43.863424 18.867962 73.348483 14.422205 47.201695 52.839379 38.209946 67.230945 68.410526 34.409301 44.721360 0.000000 24.331050 50.000000 26.076810 8.944272 74.431176 16.124515 31.622777 31.240999 28.844410 52.153619 36.055513 34.409301 62.032250 22.803509 42.520583 24.413111 27.202941 21.260292 18.000000 47.074409 46.818800 22.090722 38.418745 42.426407 62.289646 34.985711 17.888544 50.358713 62.289646 50.000000 32.984845 22.360680 47.539457 14.560220 66.483081 82.024387 22.090722 42.047592 54.589376 29.732137 56.885851 14.142136 56.035703 40.447497 58.240879 5.656854 65.299311 43.174066 70.710678 55.785303 22.627417 71.610055 
13 61.741396 16.124515 89.643739 35.777088 66.843100 70.710678 56.462377 66.030296 90.553851 57.271284 65.969690 24.331050 0.000000 74.108029 27.856777 32.000000 97.508974 15.620499 22.803509 53.665631 52.000000 48.166378 17.088007 54.405882 86.023253 40.496913 36.221541 26.000000 12.165525 39.849718 32.557641 60.464866 70.880181 46.043458 58.821765 34.525353 68.410526 54.037024 20.000000 56.920998 68.410526 72.691127 57.271284 8.246211 51.419841 38.000000 87.658428 102.800778 46.389654 52.839379 66.241981 51.884487 80.224684 36.769553 75.073298 53.254108 80.894994 21.540659 82.219219 57.201399 94.021274 80.049984 44.721360 90.553851 
14 34.985711 66.753277 68.410526 43.680659 43.908997 51.884487 34.058773 98.081599 42.190046 29.732137 22.360680 50.000000 74.108029 0.000000 67.675697 42.190046 40.496913 64.498062 72.801099 32.802439 30.528675 89.554453 82.462113 41.036569 23.409400 40.249224 84.308956 67.052218 76.419893 39.395431 53.141321 60.959003 17.088007 28.071338 39.698866 85.440037 83.546394 43.863424 60.166436 75.073298 83.546394 14.142136 19.697716 72.111026 77.201036 36.221541 46.043458 58.549125 28.071338 63.780875 68.410526 34.409301 11.661904 41.231056 49.396356 59.464275 17.088007 54.147945 61.351447 58.000000 36.055513 14.560220 37.576588 58.549125 
15 69.426220 12.165525 63.655322 24.166092 44.944410 46.647615 63.780875 41.761226 70.880181 42.047592 68.410526 26.076810 27.856777 67.675697 0.000000 34.058773 79.624117 14.000000 48.166378 38.052595 38.470768 26.076810 44.944410 34.525353 72.000000 48.826222 17.204651 2.000000 18.439089 47.201695 14.560220 33.941125 58.309519 43.266615 38.832976 17.888544 40.792156 32.984845 38.470768 29.120440 40.792156 71.693793 48.083261 19.697716 24.083189 38.209946 66.483081 80.498447 41.182521 25.612497 38.832976 36.055513 76.967526 26.832816 51.884487 26.907248 79.649231 20.591260 56.850682 31.240999 76.941536 68.468971 30.594117 66.573268 
16 35.383612 27.784888 74.000000 16.000000 46.518813 53.141321 29.732137 74.242845 65.053824 31.240999 35.777088 8.944272 32.000000 42.190046 34.058773 0.000000 70.000000 25.059928 34.058773 28.844410 25.612497 60.000000 41.231056 34.176015 56.356011 15.231546 50.911688 32.557641 36.055513 13.416408 23.409400 50.039984 41.182521 14.142136 37.576588 50.990195 67.468511 35.440090 20.000000 55.785303 67.468511 41.231056 26.832816 31.048349 53.851648 6.000000 64.031242 79.649231 15.231546 46.389654 58.000000 27.784888 48.373546 14.142136 55.461698 44.045431 49.477268 14.422205 65.787537 46.043458 66.030296 49.396356 21.540659 70.710678 
17 75.153177 84.758480 42.520583 61.741396 36.000000 38.832976 73.430239 93.145048 10.770330 40.249224 62.769419 74.431176 97.508974 40.496913 79.624117 70.000000 0.000000 83.570330 104.019229 43.863424 45.650849 92.195445 110.453610 45.122057 17.088007 75.073298 92.195445 80.049984 94.868330 73.593478 67.052218 54.589376 29.732137 58.000000 40.792156 94.339811 74.000000 46.690470 90.000000 71.021124 74.000000 54.405882 43.863424 92.477024 76.419893 65.299311 17.888544 20.880613 55.317267 62.128898 58.240879 45.694639 48.662100 60.827625 32.984845 58.034473 54.589376 76.026311 39.446166 54.147945 4.472136 26.000000 52.801515 29.732137 
18 59.665736 2.828427 74.027022 22.360680 51.613952 55.172457 54.037024 55.317267 76.026311 43.680659 60.827625 16.124515 15.620499 64.498062 14.000000 25.059928 83.570330 0.000000 34.234486 39.849718 38.832976 38.626416 32.249031 39.446166 73.348483 38.209946 27.784888 12.000000 12.000000 36.878178 17.204651 44.944410 58.549125 37.363083 43.908997 27.202941 54.589376 38.832976 24.738634 42.755117 54.589376 65.787537 46.000000 8.944272 38.052595 30.463092 72.718636 87.658428 36.496575 37.576588 50.990195 37.947332 72.277244 24.083189 59.665736 37.735925 74.000000 10.770330 66.603303 41.617304 80.324343 68.264193 31.048349 75.073298 
19 50.159745 36.055513 104.709121 46.043458 78.816242 84.380092 46.000000 88.362888 99.035347 65.053824 58.309519 31.622777 22.803509 72.801099 48.166378 34.058773 104.019229 34.234486 0.000000 62.289646 59.396970 70.710678 13.416408 66.030296 89.888820 32.984845 58.855756 46.173586 34.928498 33.526109 47.539457 77.252832 74.886581 46.647615 70.000000 57.271284 88.814413 66.573268 14.142136 76.941536 88.814413 67.082039 60.464866 30.265492 72.249567 38.832976 97.672924 113.278418 48.826222 70.880181 84.118963 60.959003 75.709973 45.607017 87.658428 70.228199 74.672619 33.105891 96.747093 73.539105 100.000000 82.365041 54.037024 103.227903 
20 50.635956 41.231056 46.690470 17.888544 18.439089 26.076810 46.173586 65.299311 37.202150 4.000000 43.081318 31.240999 53.665631 32.802439 38.052595 28.844410 43.863424 39.849718 62.289646 0.000000 4.000000 57.271284 67.201190 8.944272 34.058773 39.293765 53.366656 38.000000 51.419841 37.363083 24.083189 29.529646 20.396078 22.090722 10.000000 54.918121 51.613952 11.661904 48.166378 42.426407 51.613952 41.617304 14.422205 48.703183 44.407207 26.000000 35.383612 50.990195 18.110770 31.112698 37.576588 2.000000 43.863424 17.204651 27.202941 26.907248 48.166378 32.249031 38.470768 26.076810 40.496913 30.594117 8.944272 42.047592 
21 46.690470 40.447497 50.635956 16.492423 22.360680 30.066593 42.190046 67.941151 39.698866 5.656854 39.395431 28.844410 52.000000 30.528675 38.470768 25.612497 45.650849 38.832976 59.396970 4.000000 0.000000 59.059292 64.899923 12.649111 34.525353 35.440090 54.405882 38.209946 50.635956 33.526109 24.083189 33.105891 20.000000 18.110770 14.000000 55.785303 54.918121 15.231546 45.254834 45.343136 54.918121 38.418745 11.313708 47.539457 46.861498 22.360680 38.418745 54.037024 14.142136 34.058773 41.231056 4.472136 41.231056 15.231546 31.048349 30.000000 45.254834 30.463092 42.426407 29.529646 42.047592 30.066593 8.000000 45.694639 
22 95.268043 36.055513 63.906181 48.166378 56.320511 54.037024 89.643739 18.110770 82.024387 60.926185 93.380940 52.153619 48.166378 89.554453 26.076810 60.000000 92.195445 38.626416 70.710678 57.271284 59.059292 0.000000 64.031242 50.596443 88.769364 74.886581 12.000000 27.784888 36.055513 73.239334 38.209946 38.052595 77.252832 67.941151 53.851648 14.142136 28.425341 48.083261 63.245553 22.803509 28.425341 95.603347 69.971423 40.447497 16.124515 63.780875 76.026311 87.132084 65.299311 30.066593 37.363083 55.461698 99.859902 50.990195 60.033324 34.234486 103.227903 46.647615 59.665736 38.052595 90.553851 87.315520 52.153619 71.386273 
23 62.801274 33.105891 106.018866 49.678969 82.024387 86.556340 58.309519 82.097503 104.403065 70.455660 70.000000 36.055513 17.088007 82.462113 44.944410 41.231056 110.453610 32.249031 13.416408 67.201190 64.899923 64.031242 0.000000 69.310894 97.508974 44.045431 52.038447 43.081318 28.284271 44.181444 48.414874 77.175126 82.292162 55.027266 73.593478 50.000000 85.440037 69.310894 22.360680 74.000000 85.440037 78.230429 68.029405 25.298221 68.410526 46.818800 102.176318 117.592517 56.462377 69.771054 83.186537 65.604878 86.579443 50.000000 90.553851 69.971423 86.092973 35.383612 98.407317 73.783467 106.677083 90.620086 58.412327 106.150836 
24 59.228372 40.249224 39.849718 20.000000 12.806248 18.973666 54.589376 57.201399 36.769553 11.313708 52.000000 34.409301 54.405882 41.036569 34.525353 34.176015 45.122057 39.446166 66.030296 8.944272 12.649111 50.596443 69.310894 0.000000 38.470768 46.389654 48.166378 34.928498 50.159745 44.407207 22.360680 20.591260 26.832816 30.066593 4.472136 50.039984 42.801869 2.828427 52.153619 34.058773 42.801869 50.477718 23.323808 48.373546 36.715120 32.557641 33.286634 48.414874 26.076810 22.803509 28.635642 8.246211 52.345009 20.591260 21.633308 18.439089 56.850682 33.941125 31.622777 17.204651 42.426407 36.769553 12.649111 37.202150 
25 58.137767 74.966659 51.107729 50.990195 34.000000 40.000000 56.603887 93.037627 20.396078 30.066593 45.694639 62.032250 86.023253 23.409400 72.000000 56.356011 17.088007 73.348483 89.888820 34.058773 34.525353 88.769364 97.508974 38.470768 0.000000 59.464275 86.579443 72.027772 85.158675 58.137767 58.137767 53.665631 15.231546 43.266615 34.928498 88.362888 75.471849 40.792156 76.157731 69.856997 75.471849 37.363083 29.529646 82.000000 74.000000 51.107729 26.000000 36.000000 41.182521 59.464275 59.363288 36.055513 32.062439 49.477268 35.383612 55.027266 38.052595 64.560050 45.607017 52.000000 12.649111 8.944272 42.426407 39.395431 
26 21.633308 41.036569 85.906926 30.594117 57.723479 65.115282 16.124515 89.442719 72.111026 40.496913 26.076810 22.803509 40.496913 40.249224 48.826222 15.231546 75.073298 38.209946 32.984845 39.293765 35.440090 74.886581 44.045431 46.389654 59.464275 0.000000 65.299311 47.201695 47.707442 2.000000 38.626416 64.124878 45.343136 17.888544 49.030603 65.115282 82.462113 48.166378 22.090722 70.880181 82.462113 34.234486 31.622777 42.190046 69.079664 14.000000 72.470684 87.817994 21.540659 61.188234 72.249567 38.832976 42.755117 28.284271 66.483081 58.549125 42.047592 28.425341 77.665951 60.133186 70.767224 51.224994 34.058773 80.993827 
27 86.278618 25.059928 68.963759 41.182521 56.320511 55.785303 80.622577 30.066593 82.607506 57.271284 85.603738 42.520583 36.221541 84.308956 17.204651 50.911688 92.195445 27.784888 58.855756 53.366656 54.405882 12.000000 52.038447 48.166378 86.579443 65.299311 0.000000 18.439089 24.083189 63.780875 31.304952 40.496913 73.756356 60.464866 52.038447 2.828427 37.202150 46.043458 52.000000 28.425341 37.202150 88.836929 64.621978 28.635642 21.260292 55.317267 77.278716 89.844310 58.309519 31.622777 42.190046 51.419841 93.914855 43.908997 61.611687 34.928498 96.747093 36.878178 63.560994 39.293765 90.022219 83.952367 46.818800 74.672619 
28 67.941151 10.198039 65.053824 23.409400 45.694639 47.707442 62.289646 43.680659 71.470274 42.000000 67.201190 24.413111 26.000000 67.052218 2.000000 32.557641 80.049984 12.000000 46.173586 38.000000 38.209946 27.784888 43.081318 34.928498 72.027772 47.201695 18.439089 0.000000 16.970563 45.607017 14.142136 35.383612 58.137767 42.190046 39.293765 18.867962 42.755117 33.526109 36.496575 31.048349 42.755117 70.710678 47.539457 17.888544 26.076810 36.878178 67.230945 81.412530 40.249224 27.202941 40.496913 36.000000 76.157731 26.000000 52.839379 28.284271 78.714675 18.867962 58.137767 32.557641 77.278716 68.264193 30.265492 67.675697 
29 69.339743 10.198039 82.024387 34.234486 61.773781 64.404969 63.812225 54.000000 86.925255 55.317267 71.693793 27.202941 12.165525 76.419893 18.439089 36.055513 94.868330 12.000000 34.928498 51.419841 50.635956 36.055513 28.284271 50.159745 85.158675 47.707442 24.083189 16.970563 0.000000 46.647615 27.856777 52.345009 70.455660 49.030603 54.626001 22.360680 57.584720 49.193496 30.000000 46.518813 57.584720 77.201036 58.000000 5.656854 40.496913 41.761226 83.186537 97.754795 48.373546 44.045431 57.201399 49.477268 83.952367 36.055513 69.339743 45.254834 85.440037 22.360680 75.073298 49.517674 91.760558 80.224684 42.755117 84.403791 
30 22.803509 39.698866 83.952367 28.635642 55.785303 63.150614 17.204651 87.658428 70.455660 38.626416 26.305893 21.260292 39.849718 39.395431 47.201695 13.416408 73.593478 36.878178 33.526109 37.363083 33.526109 73.239334 44.181444 44.407207 58.137767 2.000000 63.780875 45.607017 46.647615 0.000000 36.769553 62.128898 43.863424 16.124515 47.074409 63.655322 80.523289 46.173586 22.000000 68.963759 80.523289 34.058773 30.000000 41.182521 67.230945 12.000000 70.710678 86.092973 19.697716 59.228372 70.256672 36.878178 42.426407 26.305893 64.560050 56.568542 42.000000 26.907248 75.709973 58.137767 69.310894 50.000000 32.062439 79.120162 
31 57.688820 17.888544 57.688820 10.000000 34.409301 38.209946 52.153619 51.107729 59.093147 28.071338 55.172457 18.000000 32.557641 53.141321 14.560220 23.409400 67.052218 17.204651 47.539457 24.083189 24.083189 38.209946 48.414874 22.360680 58.137767 38.626416 31.304952 14.142136 27.856777 36.769553 0.000000 29.732137 44.045431 29.732137 26.832816 32.310989 44.407207 21.633308 34.928498 32.557641 44.407207 57.688820 33.526109 26.076810 30.463092 26.076810 55.569776 70.455660 27.202941 24.083189 36.878178 22.090722 62.609903 12.806248 42.520583 22.803509 65.513357 14.560220 50.000000 26.000000 64.031242 54.147945 16.124515 58.000000 
32 79.120162 44.407207 29.732137 34.058773 19.697716 16.000000 74.215901 39.395431 44.181444 31.622777 72.498276 47.074409 60.464866 60.959003 33.941125 50.039984 54.589376 44.944410 77.252832 29.529646 33.105891 38.052595 77.175126 20.591260 53.665631 64.124878 40.496913 35.383612 52.345009 62.128898 29.732137 0.000000 45.343136 49.477268 21.260292 43.081318 22.627417 17.888544 64.560050 16.492423 22.627417 71.021124 43.908997 52.801515 22.000000 50.159745 38.000000 49.477268 45.607017 8.944272 8.246211 28.635642 72.470684 36.000000 22.000000 7.211103 77.201036 44.271887 23.323808 4.000000 53.366656 54.405882 30.594117 34.176015 
33 47.539457 60.299254 51.419841 36.221541 27.202941 34.985711 44.944410 83.761566 27.856777 16.492423 36.221541 46.818800 70.880181 17.088007 58.309519 41.182521 29.732137 58.549125 74.886581 20.396078 20.000000 77.252832 82.292162 26.832816 15.231546 45.343136 73.756356 58.137767 70.455660 43.863424 44.045431 45.343136 0.000000 28.425341 24.413111 75.312682 67.941151 29.529646 61.057350 60.464866 67.941151 30.265492 14.422205 67.082039 63.529521 36.055513 30.265492 44.271887 26.076810 49.396356 52.345009 22.360680 28.635642 34.525353 32.310989 44.944410 34.176015 49.477268 44.271887 42.801869 25.455844 10.198039 28.000000 42.047592 
34 29.732137 39.849718 68.731361 19.798990 40.447497 48.166378 24.738634 80.000000 54.405882 22.803509 25.455844 22.090722 46.043458 28.071338 43.266615 14.142136 58.000000 37.363083 46.647615 22.090722 18.110770 67.941151 55.027266 30.066593 43.266615 17.888544 60.464866 42.190046 49.030603 16.124515 29.732137 49.477268 28.425341 0.000000 32.062439 61.057350 69.856997 32.249031 33.105891 59.059292 69.856997 28.635642 14.142136 44.407207 58.821765 8.246211 54.589376 69.971423 4.000000 48.332184 57.723479 22.000000 34.928498 16.970563 49.030603 44.944410 36.769553 26.683328 60.530984 45.607017 53.814496 35.777088 18.973666 63.245553 
35 60.530984 44.721360 36.878178 24.083189 8.944272 16.124515 56.142675 59.363288 32.310989 10.770330 52.497619 38.418745 58.821765 39.698866 38.832976 37.576588 40.792156 43.908997 70.000000 10.000000 14.000000 53.851648 73.593478 4.472136 34.928498 49.030603 52.038447 39.293765 54.626001 47.074409 26.832816 21.260292 24.413111 32.062439 0.000000 54.000000 43.863424 6.000000 56.035703 36.055513 43.863424 50.119856 23.409400 52.839379 39.395431 35.440090 28.844410 44.045431 28.071338 25.059928 28.844410 10.198039 51.224994 24.413111 17.888544 20.591260 56.035703 38.209946 28.635642 18.439089 38.209946 34.000000 16.124515 33.286634 
36 86.278618 24.413111 71.693793 42.047592 58.549125 58.240879 80.622577 32.249031 84.852814 58.855756 86.023253 42.426407 34.525353 85.440037 17.888544 50.990195 94.339811 27.202941 57.271284 54.918121 55.785303 14.142136 50.000000 50.039984 88.362888 65.115282 2.828427 18.867962 22.360680 63.655322 32.310989 43.081318 75.312682 61.057350 54.000000 0.000000 40.000000 48.000000 50.990195 31.240999 40.000000 89.554453 65.787537 27.202941 24.083189 55.605755 79.624117 92.347171 59.059292 34.176015 44.944410 52.952809 94.847246 44.721360 64.031242 37.363083 97.529483 36.769553 66.211781 41.761226 92.086915 85.510233 48.083261 77.252832 
37 99.538937 52.952809 38.209946 51.923020 41.617304 35.777088 94.339811 20.000000 63.245553 54.037024 94.021274 62.289646 68.410526 83.546394 40.792156 67.468511 74.000000 54.589376 88.814413 51.613952 54.918121 28.425341 85.440037 42.801869 75.471849 82.462113 37.202150 42.755117 57.584720 80.523289 44.407207 22.627417 67.941151 69.856997 43.863424 40.000000 0.000000 40.000000 78.025637 12.000000 0.000000 93.230896 66.030296 60.166436 17.088007 68.963759 56.320511 64.124878 66.211781 21.540659 16.124515 50.477718 95.015788 54.405882 41.231056 25.059928 99.639350 58.034473 36.221541 25.612497 73.539105 76.837491 50.990195 48.166378 
38 61.611687 39.446166 38.626416 20.591260 12.806248 17.888544 56.885851 54.405882 37.947332 14.142136 54.626001 34.985711 54.037024 43.863424 32.984845 35.440090 46.690470 38.832976 66.573268 11.661904 15.231546 48.083261 69.310894 2.828427 40.792156 48.166378 46.043458 33.526109 49.193496 46.173586 21.633308 17.888544 29.529646 32.249031 6.000000 48.000000 40.000000 0.000000 52.839379 31.240999 40.000000 53.254108 26.076810 47.707442 34.000000 34.234486 34.000000 48.826222 28.284271 20.000000 26.000000 10.770330 55.172457 21.540659 21.260292 15.620499 59.665736 34.058773 30.463092 14.422205 44.181444 39.395431 14.142136 36.878178 
39 42.379240 27.202941 91.235958 32.249031 64.899923 70.710678 37.363083 80.049984 84.899941 50.911688 48.166378 17.888544 20.000000 60.166436 38.470768 20.000000 90.000000 24.738634 14.142136 48.166378 45.254834 63.245553 22.360680 52.153619 76.157731 22.090722 52.000000 36.496575 30.000000 22.000000 34.928498 64.560050 61.057350 33.105891 56.035703 50.990195 78.025637 52.839379 0.000000 66.030296 78.025637 56.035703 46.647615 24.413111 62.128898 25.059928 83.546394 99.156442 34.985711 58.855756 71.805292 46.861498 64.280635 31.622777 73.783467 57.723479 64.000000 20.396078 83.186537 60.728906 86.023253 68.876701 40.000000 89.308454 
40 88.566359 41.231056 41.231056 40.496913 36.055513 32.249031 83.258633 23.323808 60.530984 45.343136 83.761566 50.358713 56.920998 75.073298 29.120440 55.785303 71.021124 42.755117 76.941536 42.426407 45.343136 22.803509 74.000000 34.058773 69.856997 70.880181 28.425341 31.048349 46.518813 68.963759 32.557641 16.492423 60.464866 59.059292 36.055513 31.240999 12.000000 31.240999 66.030296 0.000000 12.000000 83.737686 56.639209 48.703183 7.211103 57.584720 54.147945 64.498062 55.569776 11.313708 14.560220 41.036569 86.278618 43.081318 38.209946 15.620499 90.553851 46.043458 36.878178 17.888544 69.856997 69.971423 40.496913 48.662100 
41 99.538937 52.952809 38.209946 51.923020 41.617304 35.777088 94.339811 20.000000 63.245553 54.037024 94.021274 62.289646 68.410526 83.546394 40.792156 67.468511 74.000000 54.589376 88.814413 51.613952 54.918121 28.425341 85.440037 42.801869 75.471849 82.462113 37.202150 42.755117 57.584720 80.523289 44.407207 22.627417 67.941151 69.856997 43.863424 40.000000 0.000000 40.000000 78.025637 12.000000 0.000000 93.230896 66.030296 60.166436 17.088007 68.963759 56.320511 64.124878 66.211781 21.540659 16.124515 50.477718 95.015788 54.405882 41.231056 25.059928 99.639350 58.034473 36.221541 25.612497 73.539105 76.837491 50.990195 48.166378 
42 22.627417 68.352030 81.584312 47.707442 55.713553 63.906181 23.323808 106.075445 56.320511 39.446166 10.000000 50.000000 72.691127 14.142136 71.693793 41.231056 54.405882 65.787537 67.082039 41.617304 38.418745 95.603347 78.230429 50.477718 37.363083 34.234486 88.836929 70.710678 77.201036 34.058773 57.688820 71.021124 30.265492 28.635642 50.119856 89.554453 93.230896 53.254108 56.035703 83.737686 93.230896 0.000000 27.202941 72.277244 84.852814 35.440090 60.000000 72.691127 30.528675 72.470684 78.892332 42.801869 8.944272 44.944410 62.096699 68.410526 8.246211 55.027266 74.215901 67.675697 50.000000 28.635642 43.863424 72.249567 
43 38.000000 48.041649 58.000000 24.331050 30.265492 38.470768 34.234486 79.246451 40.496913 12.649111 29.120440 32.984845 57.271284 19.697716 48.083261 26.832816 43.863424 46.000000 60.464866 14.422205 11.313708 69.971423 68.029405 23.323808 29.529646 31.622777 64.621978 47.539457 58.000000 30.000000 33.526109 43.908997 14.422205 14.142136 23.409400 65.787537 66.030296 26.076810 46.647615 56.639209 66.030296 27.202941 0.000000 54.147945 58.137767 21.633308 41.231056 56.356011 11.661904 45.343136 51.884487 15.620499 30.000000 22.090722 38.000000 41.231056 33.941125 36.221541 50.039984 40.496913 39.698866 22.803509 17.888544 50.990195 
44 63.812225 8.485281 82.219219 31.048349 60.464866 63.780875 58.309519 58.137767 84.970583 52.497619 66.483081 22.360680 8.246211 72.111026 19.697716 31.048349 92.477024 8.944272 30.265492 48.703183 47.539457 40.447497 25.298221 48.373546 82.000000 42.190046 28.635642 17.888544 5.656854 41.182521 26.076810 52.801515 67.082039 44.407207 52.839379 27.202941 60.166436 47.707442 24.413111 48.703183 60.166436 72.277244 54.147945 0.000000 43.174066 36.878178 81.633327 96.519428 44.045431 44.944410 58.309519 46.818800 79.246451 32.557641 68.410526 45.607017 80.523289 18.000000 74.966659 49.678969 89.196412 76.655072 39.849718 83.737686 
45 87.817994 36.221541 48.332184 39.446166 40.792156 38.000000 82.365041 21.260292 66.121101 47.707442 84.023806 47.539457 51.419841 77.201036 24.083189 53.851648 76.419893 38.052595 72.249567 44.407207 46.861498 16.124515 68.410526 36.715120 74.000000 69.079664 21.260292 26.076810 40.496913 67.230945 30.463092 22.000000 63.529521 58.821765 39.395431 24.083189 17.088007 34.000000 62.128898 7.211103 17.088007 84.852814 58.137767 43.174066 0.000000 56.356011 60.000000 71.021124 55.605755 14.560220 21.540659 42.801869 88.090862 42.190046 44.000000 18.973666 92.021737 42.755117 43.680659 22.360680 74.966659 73.348483 41.036569 55.317267 
46 31.622777 33.105891 72.277244 17.088007 44.271887 51.419841 26.076810 77.175126 60.959003 27.784888 30.528675 14.560220 38.000000 36.221541 38.209946 6.000000 65.299311 30.463092 38.832976 26.000000 22.360680 63.780875 46.818800 32.557641 51.107729 14.000000 55.317267 36.878178 41.761226 12.000000 26.076810 50.159745 36.055513 8.246211 35.440090 55.605755 68.963759 34.234486 25.059928 57.584720 68.963759 35.440090 21.633308 36.878178 56.356011 0.000000 60.464866 76.026311 10.000000 47.539457 58.309519 25.298221 42.426407 14.560220 53.141321 44.721360 43.680659 19.697716 64.031242 46.173586 61.220911 43.863424 20.099751 68.029405 
47 77.665951 73.430239 25.612497 52.497619 21.540659 22.000000 74.726167 75.709973 7.211103 32.802439 66.483081 66.483081 87.658428 46.043458 66.483081 64.031242 17.888544 72.718636 97.672924 35.383612 38.418745 76.026311 102.176318 33.286634 26.000000 72.470684 77.278716 67.230945 83.186537 70.710678 55.569776 38.000000 30.265492 54.589376 28.844410 79.624117 56.320511 34.000000 83.546394 54.147945 56.320511 60.000000 41.231056 81.633327 60.000000 60.464866 0.000000 15.620499 51.107729 46.173586 40.792156 36.769553 56.568542 52.345009 16.000000 42.426407 62.513998 66.843100 21.633308 38.209946 18.439089 32.557641 43.863424 13.416408 
48 91.760558 88.204308 27.202941 67.941151 36.055513 34.176015 89.196412 84.095184 16.492423 48.414874 80.049984 82.024387 102.800778 58.549125 80.498447 79.649231 20.880613 87.658428 113.278418 50.990195 54.037024 87.132084 117.592517 48.414874 36.000000 87.817994 89.844310 81.412530 97.754795 86.092973 70.455660 49.477268 44.271887 69.971423 44.045431 92.347171 64.124878 48.826222 99.156442 64.498062 64.124878 72.691127 56.356011 96.519428 71.021124 76.026311 15.620499 0.000000 66.573268 58.240879 50.159745 52.345009 68.029405 67.882251 28.635642 55.027266 74.027022 82.219219 28.000000 50.596443 24.331050 44.181444 59.396970 16.000000 
49 33.526109 38.832976 64.776539 17.204651 36.496575 44.181444 28.635642 76.837491 51.224994 18.973666 28.425341 22.090722 46.389654 28.071338 41.182521 15.231546 55.317267 36.496575 48.826222 18.110770 14.142136 65.299311 56.462377 26.076810 41.182521 21.540659 58.309519 40.249224 48.373546 19.697716 27.202941 45.607017 26.076810 4.000000 28.071338 59.059292 66.211781 28.284271 34.985711 55.569776 66.211781 30.528675 11.661904 44.045431 55.605755 10.000000 51.107729 66.573268 0.000000 44.721360 53.851648 18.000000 36.055513 14.422205 45.122057 41.231056 38.470768 26.076810 56.568542 41.761226 51.224994 34.176015 15.231546 59.464275 
50 78.000000 36.715120 38.418745 30.594117 26.305893 24.331050 72.801099 34.409301 52.000000 34.058773 72.718636 42.047592 52.839379 63.780875 25.612497 46.389654 62.128898 37.576588 70.880181 31.112698 34.058773 30.066593 69.771054 22.803509 59.464275 61.188234 31.622777 27.202941 44.045431 59.228372 24.083189 8.944272 49.396356 48.332184 25.059928 34.176015 21.540659 20.000000 58.855756 11.313708 21.540659 72.470684 45.343136 44.944410 14.560220 47.539457 46.173586 58.240879 44.721360 0.000000 13.416408 29.732137 74.966659 32.984845 30.265492 4.472136 79.246451 38.470768 32.249031 8.000000 60.530984 59.059292 29.529646 43.081318 
51 87.361319 50.119856 26.832816 42.000000 25.612497 19.697716 82.462113 34.928498 47.539457 39.446166 80.622577 54.589376 66.241981 68.410526 38.832976 58.000000 58.240879 50.990195 84.118963 37.576588 41.231056 37.363083 83.186537 28.635642 59.363288 72.249567 42.190046 40.496913 57.201399 70.256672 36.878178 8.246211 52.345009 57.723479 28.844410 44.944410 16.124515 26.000000 71.805292 14.560220 16.124515 78.892332 51.884487 58.309519 21.540659 58.309519 40.792156 50.159745 53.851648 13.416408 0.000000 36.769553 80.000000 44.045431 25.298221 14.142136 84.876381 51.419841 22.360680 12.165525 57.584720 60.959003 38.832976 34.234486 
52 50.990195 39.293765 47.074409 16.124515 18.973666 26.305893 46.389654 63.780875 38.832976 6.000000 43.863424 29.732137 51.884487 34.409301 36.055513 27.784888 45.694639 37.947332 60.959003 2.000000 4.472136 55.461698 65.604878 8.246211 36.055513 38.832976 51.419841 36.000000 49.477268 36.878178 22.090722 28.635642 22.360680 22.000000 10.198039 52.952809 50.477718 10.770330 46.861498 41.036569 50.477718 42.801869 15.620499 46.818800 42.801869 25.298221 36.769553 52.345009 18.000000 29.732137 36.769553 0.000000 45.343136 15.620499 27.856777 25.612497 49.517674 30.528675 38.832976 25.059928 42.379240 32.557641 7.211103 42.941821 
53 31.240999 74.726167 79.699435 52.801515 55.569776 63.529521 32.249031 109.123783 52.038447 41.036569 18.867962 56.885851 80.224684 11.661904 76.967526 48.373546 48.662100 72.277244 75.709973 43.863424 41.231056 99.859902 86.579443 52.345009 32.062439 42.755117 93.914855 76.157731 83.952367 42.426407 62.609903 72.470684 28.635642 34.928498 51.224994 94.847246 95.015788 55.172457 64.280635 86.278618 95.015788 8.944272 30.000000 79.246451 88.090862 42.426407 56.568542 68.029405 36.055513 74.966659 80.000000 45.343136 0.000000 50.159745 60.926185 70.710678 6.000000 61.611687 72.801099 69.426220 44.407207 24.083189 47.707442 69.426220 
54 45.650849 26.000000 60.166436 2.828427 33.286634 39.395431 40.249224 63.245553 54.405882 20.591260 42.426407 14.142136 36.769553 41.231056 26.832816 14.142136 60.827625 24.083189 45.607017 17.204651 15.231546 50.990195 50.000000 20.591260 49.477268 28.284271 43.908997 26.000000 36.055513 26.305893 12.806248 36.000000 34.525353 16.970563 24.413111 44.721360 54.405882 21.540659 31.622777 43.081318 54.405882 44.944410 22.090722 32.557641 42.190046 14.560220 52.345009 67.882251 14.422205 32.984845 44.045431 15.620499 50.159745 0.000000 42.190046 30.265492 52.839379 15.231546 52.000000 32.000000 57.271284 44.181444 8.485281 57.688820 
55 76.000000 60.000000 20.000000 41.617304 8.944272 6.000000 72.111026 60.166436 22.360680 26.305893 66.483081 56.035703 75.073298 49.396356 51.884487 55.461698 32.984845 59.665736 87.658428 27.202941 31.048349 60.033324 90.553851 21.633308 35.383612 66.483081 61.611687 52.839379 69.339743 64.560050 42.520583 22.000000 32.310989 49.030603 17.888544 64.031242 41.231056 21.260292 73.783467 38.209946 41.231056 62.096699 38.000000 68.410526 44.000000 53.141321 16.000000 28.635642 45.122057 30.265492 25.298221 27.856777 60.926185 42.190046 0.000000 26.683328 66.483081 55.317267 12.165525 22.360680 32.310989 38.832976 34.000000 15.620499 
56 74.672619 37.202150 36.769553 28.071338 22.090722 20.880613 69.570109 38.832976 48.041649 29.732137 68.963759 40.447497 53.254108 59.464275 26.907248 44.045431 58.034473 37.735925 70.228199 26.907248 30.000000 34.234486 69.971423 18.439089 55.027266 58.549125 34.928498 28.284271 45.254834 56.568542 22.803509 7.211103 44.944410 44.944410 20.591260 37.363083 25.059928 15.620499 57.723479 15.620499 25.059928 68.410526 41.231056 45.607017 18.973666 44.721360 42.426407 55.027266 41.231056 4.472136 14.142136 25.612497 70.710678 30.265492 26.683328 0.000000 75.073298 37.363083 30.000000 4.472136 56.320511 54.589376 26.000000 40.249224 
57 27.784888 76.550637 85.440037 55.569776 60.827625 68.876701 29.732137 113.172435 58.034473 45.607017 16.492423 58.240879 80.894994 17.088007 79.649231 49.477268 54.589376 74.000000 74.672619 48.166378 45.254834 103.227903 86.092973 56.850682 38.052595 42.047592 96.747093 78.714675 85.440037 42.000000 65.513357 77.201036 34.176015 36.769553 56.035703 97.529483 99.639350 59.665736 64.000000 90.553851 99.639350 8.246211 33.941125 80.523289 92.021737 43.680659 62.513998 74.027022 38.470768 79.246451 84.876381 49.517674 6.000000 52.839379 66.483081 75.073298 0.000000 63.245553 78.434686 74.027022 50.358713 30.066593 51.224994 75.312682 
58 49.517674 13.416408 71.693793 14.422205 46.690470 51.613952 43.863424 62.032250 69.339743 35.777088 50.119856 5.656854 21.540659 54.147945 20.591260 14.422205 76.026311 10.770330 33.105891 32.249031 30.463092 46.647615 35.383612 33.941125 64.560050 28.425341 36.878178 18.867962 22.360680 26.907248 14.560220 44.271887 49.477268 26.683328 38.209946 36.769553 58.034473 34.058773 20.396078 46.043458 58.034473 55.027266 36.221541 18.000000 42.755117 19.697716 66.843100 82.219219 26.076810 38.470768 51.419841 30.528675 61.611687 15.231546 55.317267 37.363083 63.245553 0.000000 63.812225 40.496913 72.498276 58.855756 23.323808 70.936591 
59 88.022724 66.483081 8.246211 50.990195 20.099751 12.649111 84.023806 56.142675 28.844410 38.052595 78.638413 65.299311 82.219219 61.351447 56.850682 65.787537 39.446166 66.603303 96.747093 38.470768 42.426407 59.665736 98.407317 31.622777 45.607017 77.665951 63.560994 58.137767 75.073298 75.709973 50.000000 23.323808 44.271887 60.530984 28.635642 66.211781 36.221541 30.463092 83.186537 36.878178 36.221541 74.215901 50.039984 74.966659 43.680659 64.031242 21.633308 28.000000 56.568542 32.249031 22.360680 38.832976 72.801099 52.000000 12.165525 30.000000 78.434686 63.812225 0.000000 25.612497 40.000000 50.119856 44.271887 12.000000 
60 75.286121 41.231056 32.557641 30.066593 18.439089 16.492423 70.342022 41.182521 44.000000 28.425341 68.876701 43.174066 57.201399 58.000000 31.240999 46.043458 54.147945 41.617304 73.539105 26.076810 29.529646 38.052595 73.783467 17.204651 52.000000 60.133186 39.293765 32.557641 49.517674 58.137767 26.000000 4.000000 42.801869 45.607017 18.439089 41.761226 25.612497 14.422205 60.728906 17.888544 25.612497 67.675697 40.496913 49.678969 22.360680 46.173586 38.209946 50.596443 41.761226 8.000000 12.165525 25.059928 69.426220 32.000000 22.360680 4.472136 74.027022 40.496913 25.612497 0.000000 52.611786 52.153619 26.683328 35.777088 
61 70.682388 81.608823 43.863424 58.309519 34.234486 37.947332 68.963759 92.347171 11.313708 36.769553 58.309519 70.710678 94.021274 36.055513 76.941536 66.030296 4.472136 80.324343 100.000000 40.496913 42.047592 90.553851 106.677083 42.426407 12.649111 70.767224 90.022219 77.278716 91.760558 69.310894 64.031242 53.366656 25.455844 53.814496 38.209946 92.086915 73.539105 44.181444 86.023253 69.856997 73.539105 50.000000 39.698866 89.196412 74.966659 61.220911 18.439089 24.331050 51.224994 60.530984 57.584720 42.379240 44.407207 57.271284 32.310989 56.320511 50.358713 72.498276 40.000000 52.611786 0.000000 21.540659 49.396356 31.240999 
