#

param c:
    1  2  3  4  5  6  7  8  9 10 11 12 13 14 15 16 17 18 19 20 21 22 23 24 25 26 27 28 29 30 31 32 33 34 35 36 37 38 39 40 41 42 43 44 45 46 47 48 49 50 51 52 53 54 55 56 57 58 59 60 :=
 1 0.000000 66.272166 54.037024 23.323808 42.801869 86.833173 40.447497 52.153619 54.918121 100.439036 85.906926 34.409301 94.762862 54.589376 15.620499 48.373546 12.165525 64.560050 6.000000 31.622777 16.124515 43.266615 83.952367 35.777088 50.635956 12.806248 60.926185 60.166436 54.589376 56.320511 84.118963 55.317267 94.403390 14.560220 32.249031 40.000000 78.025637 66.753277 36.221541 52.345009 26.832816 5.656854 89.196412 80.622577 64.280635 86.023253 20.000000 27.784888 78.102497 69.426220 50.911688 111.211510 28.071338 66.483081 88.294960 41.617304 82.024387 63.150614 49.396356 38.000000 
 2 66.272166 0.000000 12.649111 59.933296 45.254834 24.083189 28.635642 77.201036 73.756356 54.405882 21.633308 46.043458 62.000000 75.286121 54.147945 55.317267 70.342022 73.756356 66.000000 60.926185 71.470274 42.426407 20.000000 35.440090 16.124515 57.723479 65.299311 72.138755 18.439089 78.102497 34.928498 21.633308 50.990195 70.455660 34.058773 49.396356 12.649111 82.073138 76.157731 43.863424 45.694639 70.028566 30.000000 52.952809 12.165525 25.612497 53.141321 42.755117 15.620499 20.099751 42.426407 65.787537 67.675697 30.265492 24.413111 50.477718 52.611786 77.794601 23.323808 73.348483 
 3 54.037024 12.649111 0.000000 47.413078 34.409301 36.055513 16.124515 70.710678 68.117545 62.609903 34.000000 34.058773 67.082039 69.426220 42.755117 50.000000 57.723479 69.971423 54.147945 52.153619 58.821765 31.622777 32.249031 26.076810 7.211103 45.122057 61.773781 67.675697 10.000000 72.249567 38.209946 14.000000 58.309519 59.228372 22.090722 42.426407 24.000000 77.665951 67.230945 40.249224 33.105891 58.034473 41.036569 56.035703 12.806248 36.878178 40.496913 32.310989 27.202941 21.260292 38.470768 74.242845 58.137767 27.202941 36.715120 43.863424 56.142675 73.239334 17.888544 64.899923 
 4 23.323808 59.933296 47.413078 0.000000 22.803509 83.354664 31.304952 72.443081 74.027022 104.804580 81.412530 16.000000 103.247276 74.108029 30.000000 63.150614 16.124515 82.219219 28.635642 50.039984 14.560220 24.331050 79.649231 41.182521 47.201695 12.165525 76.941536 78.102497 43.680659 76.236474 68.264193 42.755117 99.357939 37.576588 31.240999 53.366656 69.570109 86.023253 58.240879 62.769419 14.422205 28.844410 87.658428 89.554453 53.851648 83.761566 8.944272 36.055513 74.431176 56.320511 60.926185 116.275535 49.030603 50.159745 84.118963 55.317267 90.553851 82.000000 50.990195 59.228372 
 5 42.801869 45.254834 34.409301 22.803509 0.000000 69.310894 20.880613 83.570330 83.522452 96.747093 66.603303 8.485281 99.297533 84.118963 42.190046 68.731361 38.626416 89.442719 46.690470 60.926185 37.363083 2.828427 65.115282 42.047592 37.576588 30.000000 82.607506 85.906926 26.907248 86.648716 46.000000 24.413111 92.130342 55.172457 30.066593 58.855756 52.153619 95.078915 72.718636 64.031242 17.204651 48.414874 75.073298 86.833173 36.055513 70.767224 22.803509 41.231056 60.827625 36.055513 62.032250 108.406642 62.769419 28.071338 69.426220 60.827625 87.361319 90.708324 45.607017 72.470684 
 6 86.833173 24.083189 36.055513 83.354664 69.310894 0.000000 52.153619 85.440037 80.622577 36.055513 4.000000 70.000000 49.396356 82.462113 72.993150 63.245553 92.477024 77.175126 85.510233 74.431176 94.021274 66.483081 4.472136 52.345009 36.769553 79.849859 68.963759 76.941536 42.426407 85.088190 48.166378 45.343136 34.928498 88.362888 55.027266 60.827625 20.880613 86.092973 89.106678 50.596443 68.963759 89.822046 8.000000 45.607017 34.409301 4.472136 76.026311 60.530984 8.944272 39.395431 50.000000 46.173586 82.219219 50.990195 2.828427 61.188234 44.407207 82.365041 38.209946 85.510233 
 7 40.447497 28.635642 16.124515 31.304952 20.880613 52.153619 0.000000 68.264193 67.082039 76.550637 50.119856 18.439089 78.434686 68.000000 32.249031 50.596443 42.426407 71.470274 41.761226 46.861498 43.174066 18.439089 48.373546 23.409400 17.204651 30.066593 64.031242 68.352030 14.142136 70.710678 44.721360 15.231546 71.693793 48.332184 12.806248 41.231056 38.832976 78.000000 60.827625 44.181444 17.088007 45.122057 56.850682 65.969690 24.000000 52.801515 24.738634 25.612497 43.266615 29.120440 42.190046 88.204308 50.990195 28.425341 52.839379 43.081318 66.483081 73.539105 24.738634 59.464275 
 8 52.153619 77.201036 70.710678 72.443081 83.570330 85.440037 68.264193 0.000000 6.324555 78.230429 86.925255 75.894664 64.031242 4.472136 42.755117 22.360680 64.280635 17.204651 46.173586 22.803509 68.264193 82.462113 85.088190 45.607017 63.655322 60.299254 20.396078 13.416408 78.102497 4.472136 108.903627 81.215762 72.111026 38.832976 55.569776 28.284271 89.308454 15.231546 17.888544 34.928498 67.052218 48.662100 82.969874 52.345009 83.450584 82.219219 65.115282 42.941821 79.624117 91.934759 35.777088 85.510233 24.083189 95.603347 88.022724 26.907248 54.332311 12.806248 54.037024 14.560220 
 9 54.918121 73.756356 68.117545 74.027022 83.522452 80.622577 67.082039 6.324555 0.000000 72.111026 82.292162 76.157731 57.723479 2.000000 44.045431 18.439089 67.082039 11.313708 49.030603 24.000000 71.021124 82.219219 80.498447 43.908997 60.959003 62.000000 14.142136 7.211103 76.026311 4.472136 106.301458 79.322128 66.030296 42.379240 54.626001 26.076810 85.603738 12.000000 22.803509 30.528675 67.468511 51.923020 77.794601 46.173586 80.721744 77.252832 66.272166 42.379240 75.179785 89.375612 31.622777 79.246451 27.202941 93.744333 83.258633 24.413111 48.166378 8.246211 50.911688 18.867962 
10 100.439036 54.405882 62.609903 104.804580 96.747093 36.055513 76.550637 78.230429 72.111026 0.000000 40.049969 94.868330 18.867962 74.108029 84.876381 60.166436 109.343495 64.124878 97.097889 77.252832 111.946416 94.021274 40.000000 65.299311 59.363288 97.672924 58.034473 66.000000 71.693793 76.026311 84.023806 75.392307 6.324555 96.602277 73.593478 63.560994 56.142675 72.443081 88.769364 50.159745 90.906545 101.548018 28.071338 26.000000 66.483081 32.000000 96.208108 72.801099 40.447497 73.348483 50.990195 11.661904 85.440037 84.403791 38.209946 62.769419 24.000000 70.114193 53.814496 84.403791 
11 85.906926 21.633308 34.000000 81.412530 66.603303 4.000000 50.119856 86.925255 82.292162 40.049969 0.000000 67.675697 53.141321 84.095184 72.443081 64.621978 91.082380 79.322128 84.852814 74.966659 92.477024 63.780875 2.000000 52.038447 35.440090 78.434686 71.021124 78.892332 39.698866 86.764048 44.181444 42.426407 38.832976 88.090862 53.851648 61.611687 17.088007 88.204308 89.822046 52.000000 67.082039 89.106678 12.000000 48.826222 31.240999 8.246211 74.323617 60.133186 8.000000 35.777088 51.264022 50.159745 82.607506 47.413078 2.828427 62.096699 47.707442 84.380092 38.000000 86.348133 
12 34.409301 46.043458 34.058773 16.000000 8.485281 70.000000 18.439089 75.894664 76.157731 94.868330 67.675697 0.000000 95.854056 76.655072 34.000000 62.128898 31.048349 82.607506 38.209946 53.141321 30.265492 8.944272 66.030296 36.221541 35.608988 21.633308 76.105190 78.917679 28.635642 79.120162 52.345009 27.202941 89.888820 46.690470 24.331050 52.153619 54.626001 87.863531 64.498062 58.549125 8.944272 40.000000 75.073298 82.873397 38.626416 70.936591 14.422205 34.234486 61.220911 40.447497 56.568542 106.508216 54.589376 34.234486 70.455660 54.147945 83.570330 83.546394 42.047592 64.404969 
13 94.762862 62.000000 67.082039 103.247276 99.297533 49.396356 78.434686 64.031242 57.723479 18.867962 53.141321 95.854056 0.000000 59.665736 79.246451 49.396356 104.995238 48.373546 90.553851 67.675697 108.074049 96.767763 52.497619 62.128898 62.096699 94.403390 43.680659 50.990195 76.941536 61.188234 95.036835 80.894994 15.620499 88.408144 72.470684 55.317267 67.082039 56.035703 76.967526 42.426407 90.354856 94.847246 42.047592 14.142136 74.027022 44.944410 94.339811 68.410526 50.990195 82.024387 43.863424 22.000000 75.471849 92.086915 52.000000 54.037024 12.806248 54.332311 53.851648 72.498276 
14 54.589376 75.286121 69.426220 74.108029 84.118963 82.462113 68.000000 4.472136 2.000000 74.108029 84.095184 76.655072 59.665736 0.000000 44.181444 20.000000 66.753277 12.806248 48.662100 24.083189 70.710678 82.873397 82.292162 44.944410 62.289646 62.032250 16.124515 8.944272 77.201036 2.828427 107.628992 80.448741 68.029405 41.761226 55.461698 27.202941 87.200917 12.165525 21.633308 32.249031 67.911707 51.419841 79.699435 48.166378 82.073138 79.120162 66.483081 43.081318 76.941536 90.686272 33.286634 81.215762 26.683328 94.868330 85.088190 25.612497 50.159745 8.944272 52.345009 17.888544 
15 15.620499 54.147945 42.755117 30.000000 42.190046 72.993150 32.249031 42.755117 44.045431 84.876381 72.443081 34.000000 79.246451 44.181444 0.000000 34.176015 26.076810 52.345009 12.649111 20.099751 29.529646 41.617304 70.455660 20.880613 38.052595 18.110770 47.539457 48.166378 45.694639 46.389654 76.941536 47.413078 78.816242 16.492423 20.880613 25.059928 66.483081 56.035703 30.528675 36.878178 25.059928 17.088007 74.726167 65.115282 54.405882 71.805292 22.360680 12.649111 64.498062 60.926185 35.383612 95.603347 20.591260 60.464866 74.672619 26.832816 66.483081 52.000000 34.928498 30.463092 
16 48.373546 55.317267 50.000000 63.150614 68.731361 63.245553 50.596443 22.360680 18.439089 60.166436 64.621978 62.128898 49.396356 20.000000 34.176015 0.000000 59.933296 20.880613 43.266615 18.439089 63.560994 67.082039 62.769419 27.202941 42.801869 51.923020 14.000000 17.888544 58.309519 22.803509 88.090862 61.773781 53.851648 39.597980 38.832976 10.000000 67.201190 27.784888 28.635642 12.649111 54.000000 47.201695 61.188234 35.777088 62.481997 60.166436 54.589376 28.000000 57.271284 71.217975 13.416408 69.079664 26.076810 76.157731 65.787537 8.000000 37.576588 23.323808 32.557641 24.331050 
17 12.165525 70.342022 57.723479 16.124515 38.626416 92.477024 42.426407 64.280635 67.082039 109.343495 91.082380 31.048349 104.995238 66.753277 26.076810 59.933296 0.000000 76.655072 18.110770 43.680659 4.000000 39.849718 89.196412 44.045431 55.713553 12.649111 72.801099 72.277244 56.142675 68.468971 83.186537 56.000000 103.479467 26.076810 37.576588 51.107729 81.215762 78.917679 48.041649 62.801274 26.000000 16.124515 95.707889 90.906545 66.272166 92.195445 18.000000 36.769553 83.570330 70.028566 61.220911 120.415946 40.199502 65.115282 93.637599 52.839379 92.195445 75.312682 56.603887 50.039984 
18 64.560050 73.756356 69.971423 82.219219 89.442719 77.175126 71.470274 17.204651 11.313708 64.124878 79.322128 82.607506 48.373546 12.806248 52.345009 20.880613 76.655072 0.000000 58.821765 32.984845 80.523289 87.863531 77.665951 48.083261 62.769419 70.455660 8.485281 4.472136 78.714675 13.416408 107.647573 82.292162 58.309519 52.801515 59.665736 30.594117 84.852814 8.944272 34.058773 30.000000 74.242845 62.032250 73.348483 38.209946 82.097503 73.430239 74.027022 48.373546 72.801099 90.972523 31.622777 70.256672 37.576588 96.602277 79.924965 28.635642 40.199502 6.000000 52.153619 30.000000 
19 6.000000 66.000000 54.147945 28.635642 46.690470 85.510233 41.761226 46.173586 49.030603 97.097889 84.852814 38.209946 90.553851 48.662100 12.649111 43.266615 18.110770 58.821765 0.000000 26.000000 22.090722 46.861498 82.873397 33.526109 50.039984 17.204651 55.461698 54.405882 55.785303 50.358713 86.162637 56.920998 90.972523 8.944272 32.062439 35.383612 78.102497 60.827625 30.265492 48.166378 30.000000 4.472136 87.361319 76.419893 65.115282 84.403791 24.083189 25.298221 76.941536 70.880181 46.861498 107.647573 22.090722 68.876701 87.132084 36.878178 77.897368 57.271284 47.539457 32.000000 
20 31.622777 60.926185 52.153619 50.039984 60.926185 74.431176 46.861498 22.803509 24.000000 77.252832 74.966659 53.141321 67.675697 24.083189 20.099751 18.439089 43.680659 32.984845 26.000000 0.000000 47.539457 59.933296 72.993150 26.076810 45.650849 38.000000 29.529646 28.635642 58.137767 26.305893 89.643739 60.827625 70.936591 21.260292 34.058773 14.142136 73.539105 36.000000 15.231546 27.202941 44.271887 29.529646 74.000000 53.851648 64.899923 72.111026 42.426407 21.260292 67.082039 72.801099 26.683328 86.764048 8.246211 74.966659 76.655072 14.560220 55.569776 32.062439 37.947332 12.806248 
21 16.124515 71.470274 58.821765 14.560220 37.363083 94.021274 43.174066 68.264193 71.021124 111.946416 92.477024 30.265492 108.074049 70.710678 29.529646 63.560994 4.000000 80.523289 22.090722 47.539457 0.000000 38.832976 90.620086 46.690470 57.271284 14.422205 76.550637 76.157731 56.568542 72.443081 82.607506 56.142675 106.150836 30.066593 39.446166 54.589376 82.000000 82.873397 52.038447 66.030296 26.305893 20.099751 97.529483 94.021274 66.753277 93.914855 18.439089 39.698866 85.088190 70.028566 64.404969 123.109707 44.181444 64.498062 95.078915 56.356011 95.268043 79.246451 58.821765 54.037024 
22 43.266615 42.426407 31.622777 24.331050 2.828427 66.483081 18.439089 82.462113 82.219219 94.021274 63.780875 8.944272 96.767763 82.873397 41.617304 67.082039 39.849718 87.863531 46.861498 59.933296 38.832976 0.000000 62.289646 40.199502 34.928498 30.528675 80.894994 84.403791 24.083189 85.440037 44.045431 21.633308 89.442719 55.172457 28.284271 57.271284 49.396356 93.680307 72.111026 62.000000 16.970563 48.826222 72.249567 84.403791 33.286634 67.941151 23.323808 39.849718 58.000000 33.526109 60.000000 105.678759 62.128898 26.000000 66.603303 59.228372 84.899941 89.286057 43.174066 71.693793 
23 83.952367 20.000000 32.249031 79.649231 65.115282 4.472136 48.373546 85.088190 80.498447 40.000000 2.000000 66.030296 52.497619 82.292162 70.455660 62.769419 89.196412 77.665951 82.873397 72.993150 90.620086 62.289646 0.000000 50.039984 33.526109 76.550637 69.339743 77.175126 38.209946 84.970583 44.045431 41.036569 38.470768 86.092973 51.923020 59.665736 16.492423 86.533231 87.863531 50.159745 65.299311 87.132084 12.165525 47.707442 30.000000 8.000000 72.498276 58.137767 6.000000 34.928498 49.396356 50.358713 80.622577 46.518813 4.472136 60.166436 46.647615 82.680106 36.000000 84.403791 
24 35.777088 35.440090 26.076810 41.182521 42.047592 52.345009 23.409400 45.607017 43.908997 65.299311 52.038447 36.221541 62.128898 44.944410 20.880613 27.202941 44.045431 48.083261 33.526109 26.076810 46.690470 40.199502 50.039984 0.000000 19.697716 32.557641 40.792156 44.944410 32.557641 47.707442 63.780875 35.608988 59.464275 36.055513 12.000000 17.888544 48.083261 54.626001 41.182521 22.360680 29.120440 37.947332 53.851648 48.373546 38.832976 50.990195 32.249031 8.246211 44.045431 46.861498 20.396078 76.419893 32.310989 50.000000 54.147945 19.697716 49.396356 50.159745 14.142136 38.832976 
25 50.635956 16.124515 7.211103 47.201695 37.576588 36.769553 17.204651 63.655322 60.959003 59.363288 35.440090 35.608988 62.096699 62.289646 38.052595 42.801869 55.713553 62.769419 50.039984 45.650849 57.271284 34.928498 33.526109 19.697716 0.000000 43.081318 54.589376 60.464866 16.492423 65.115282 45.343136 20.396078 54.589376 54.332311 18.439089 35.383612 28.635642 70.455660 60.827625 33.105891 32.802439 54.147945 40.496913 50.358713 19.798990 36.715120 39.446166 26.683328 27.856777 28.425341 31.304952 71.021124 52.000000 34.176015 37.947332 36.769553 50.635956 66.030296 10.770330 58.309519 
26 12.806248 57.723479 45.122057 12.165525 30.000000 79.849859 30.066593 60.299254 62.000000 97.672924 78.434686 21.633308 94.403390 62.032250 18.110770 51.923020 12.649111 70.455660 17.204651 38.000000 14.422205 30.528675 76.550637 32.557641 43.081318 0.000000 65.513357 66.272166 44.000000 64.124878 72.277244 44.181444 91.934759 26.076810 25.059928 42.379240 68.731361 74.000000 46.173586 52.839379 14.560220 18.439089 83.186537 80.448741 54.037024 79.624117 7.211103 26.076810 70.936591 58.309519 51.107729 108.903627 36.878178 54.405882 80.993827 44.271887 81.608823 70.028566 44.407207 47.074409 
27 60.926185 65.299311 61.773781 76.941536 82.607506 68.963759 64.031242 20.396078 14.142136 58.034473 71.021124 76.105190 43.680659 16.124515 47.539457 14.000000 72.801099 8.485281 55.461698 29.529646 76.550637 80.894994 69.339743 40.792156 54.589376 65.513357 0.000000 8.246211 70.682388 18.000000 99.297533 74.323617 52.000000 50.477718 52.611786 24.000000 76.367532 17.204651 34.409301 21.633308 68.000000 59.059292 65.391131 32.062439 73.783467 65.299311 68.468971 42.000000 64.404969 82.680106 23.323808 65.115282 35.608988 88.566359 71.693793 22.000000 34.058773 13.416408 43.908997 30.000000 
28 60.166436 72.138755 67.675697 78.102497 85.906926 76.941536 68.352030 13.416408 7.211103 66.000000 78.892332 78.917679 50.990195 8.944272 48.166378 17.888544 72.277244 4.472136 54.405882 28.635642 76.157731 84.403791 77.175126 44.944410 60.464866 66.272166 8.246211 0.000000 76.157731 10.198039 105.603030 79.649231 60.033324 48.332184 56.320511 27.202941 83.546394 10.000000 29.732137 28.284271 70.455660 57.584720 73.539105 40.000000 80.000000 73.348483 70.000000 44.721360 72.111026 88.814413 29.732137 72.691127 33.105891 94.021274 79.649231 25.298221 42.000000 5.656854 50.000000 25.612497 
29 54.589376 18.439089 10.000000 43.680659 26.907248 42.426407 14.142136 78.102497 76.026311 71.693793 39.698866 28.635642 76.941536 77.201036 45.694639 58.309519 56.142675 78.714675 55.785303 58.137767 56.568542 24.083189 38.209946 32.557641 16.492423 44.000000 70.682388 76.157731 0.000000 80.000000 31.622777 4.000000 67.675697 62.032250 25.059928 50.000000 26.000000 86.092973 72.801099 49.396356 30.265492 59.228372 48.414874 66.030296 10.198039 44.045431 38.209946 37.202150 34.058773 15.231546 47.539457 83.258633 63.245553 17.888544 42.520583 51.613952 66.121101 81.633327 27.202941 70.936591 
30 56.320511 78.102497 72.249567 76.236474 86.648716 85.088190 70.710678 4.472136 4.472136 76.026311 86.764048 79.120162 61.188234 2.828427 46.389654 22.803509 68.468971 13.416408 50.358713 26.305893 72.443081 85.440037 84.970583 47.707442 65.115282 64.124878 18.000000 10.198039 80.000000 0.000000 110.453610 83.234608 70.000000 43.174066 58.137767 30.000000 90.000000 10.770330 22.360680 34.985711 70.342022 52.952809 82.219219 50.039984 84.899941 81.706793 68.731361 45.694639 79.649231 93.509358 36.055513 82.873397 28.284271 97.652445 87.726849 28.425341 52.038447 8.485281 55.172457 18.973666 
31 84.118963 34.928498 38.209946 68.264193 46.000000 48.166378 44.721360 108.903627 106.301458 84.023806 44.181444 52.345009 95.036835 107.628992 76.941536 88.090862 83.186537 107.647573 86.162637 89.643739 82.607506 44.045431 44.045431 63.780875 45.343136 72.277244 99.297533 105.603030 31.622777 110.453610 0.000000 29.529646 82.097503 93.037627 56.603887 80.622577 28.071338 115.602768 104.403065 77.665951 57.723479 89.196412 56.142675 87.361319 25.612497 52.038447 65.513357 68.818602 44.181444 16.970563 76.026311 94.339811 94.868330 18.110770 46.389654 82.073138 86.833173 111.211510 55.605755 102.449988 
32 55.317267 21.633308 14.000000 42.755117 24.413111 45.343136 15.231546 81.215762 79.322128 75.392307 42.426407 27.202941 80.894994 80.448741 47.413078 61.773781 56.000000 82.292162 56.920998 60.827625 56.142675 21.633308 41.036569 35.608988 20.396078 44.181444 74.323617 79.649231 4.000000 83.234608 29.529646 0.000000 71.470274 63.560994 27.202941 53.254108 27.784888 89.554453 75.286121 53.141321 30.000000 60.166436 51.613952 70.028566 11.661904 47.201695 38.000000 39.698866 37.202150 14.142136 51.264022 86.925255 65.604878 14.422205 45.254834 54.918121 70.114193 85.088190 31.048349 73.593478 
33 94.403390 50.990195 58.309519 99.357939 92.130342 34.928498 71.693793 72.111026 66.030296 6.324555 38.832976 89.888820 15.620499 68.029405 78.816242 53.851648 103.479467 58.309519 90.972523 70.936591 106.150836 89.442719 38.470768 59.464275 54.589376 91.934759 52.000000 60.033324 67.675697 70.000000 82.097503 71.470274 0.000000 90.354856 68.117545 57.271284 54.037024 66.753277 82.462113 43.863424 85.603738 95.414884 27.202941 20.099751 63.150614 30.594117 90.686272 66.843100 38.000000 70.455660 44.721360 16.970563 79.120162 81.215762 37.363083 56.462377 18.110770 64.280635 48.414874 78.102497 
34 14.560220 70.455660 59.228372 37.576588 55.172457 88.362888 48.332184 38.832976 42.379240 96.602277 88.090862 46.690470 88.408144 41.761226 16.492423 39.597980 26.076810 52.801515 8.944272 21.260292 30.066593 55.172457 86.092973 36.055513 54.332311 26.076810 50.477718 48.332184 62.032250 43.174066 93.037627 63.560994 90.354856 0.000000 37.363083 33.286634 82.873397 53.851648 22.000000 46.647615 38.209946 10.000000 89.442719 74.404301 70.880181 86.833173 32.802439 28.000000 80.099938 77.252832 45.650849 106.677083 15.231546 76.157731 90.199778 34.409301 76.026311 50.596443 50.159745 24.331050 
35 32.249031 34.058773 22.090722 31.240999 30.066593 55.027266 12.806248 55.569776 54.626001 73.593478 53.851648 24.331050 72.470684 55.461698 20.880613 38.832976 37.576588 59.665736 32.062439 34.058773 39.446166 28.284271 51.923020 12.000000 18.439089 25.059928 52.611786 56.320511 25.059928 58.137767 56.603887 27.202941 68.117545 37.363083 0.000000 29.120440 46.043458 65.787537 48.166378 34.234486 17.888544 36.000000 58.137767 59.093147 33.526109 54.626001 22.627417 12.806248 46.173586 40.249224 32.249031 85.041167 38.418745 41.036569 56.320511 31.048349 59.933296 61.351447 19.798990 46.690470 
36 40.000000 49.396356 42.426407 53.366656 58.855756 60.827625 41.231056 28.284271 26.076810 63.560994 61.611687 52.153619 55.317267 27.202941 25.059928 10.000000 51.107729 30.594117 35.383612 14.142136 54.589376 57.271284 59.665736 17.888544 35.383612 42.379240 24.000000 27.202941 50.000000 30.000000 80.622577 53.254108 57.271284 33.286634 29.120440 0.000000 61.773781 36.769553 28.284271 13.416408 44.000000 39.597980 60.033324 41.231056 55.172457 58.309519 44.721360 18.000000 53.851648 63.655322 12.649111 73.430239 22.360680 67.675697 63.150614 2.000000 42.801869 32.310989 26.076810 24.738634 
37 78.025637 12.649111 24.000000 69.570109 52.153619 20.880613 38.832976 89.308454 85.603738 56.142675 17.088007 54.626001 67.082039 87.200917 66.483081 67.201190 81.215762 84.852814 78.102497 73.539105 82.000000 49.396356 16.492423 48.083261 28.635642 68.731361 76.367532 83.546394 26.000000 90.000000 28.071338 27.784888 54.037024 82.873397 46.043458 61.773781 0.000000 93.380940 88.769364 55.317267 55.785303 82.024387 28.635642 60.166436 16.124515 24.331050 63.560994 55.317267 16.124515 18.867962 54.037024 66.753277 80.324343 30.528675 19.697716 62.769419 59.464275 89.196412 35.777088 85.906926 
38 66.753277 82.073138 77.665951 86.023253 95.078915 86.092973 78.000000 15.231546 12.000000 72.443081 88.204308 87.863531 56.035703 12.165525 56.035703 27.784888 78.917679 8.944272 60.827625 36.000000 82.873397 93.680307 86.533231 54.626001 70.455660 74.000000 17.204651 10.000000 86.092973 10.770330 115.602768 89.554453 66.753277 53.851648 65.787537 36.769553 93.380940 0.000000 33.105891 38.209946 79.246451 63.560994 82.292162 46.690470 90.000000 82.365041 78.230429 53.851648 81.608823 98.812955 39.698866 78.025637 38.832976 103.942292 88.836929 34.928498 48.662100 4.472136 60.000000 29.732137 
39 36.221541 76.157731 67.230945 58.240879 72.718636 89.106678 60.827625 17.888544 22.803509 88.769364 89.822046 64.498062 76.967526 21.633308 30.528675 28.635642 48.041649 34.058773 30.265492 15.231546 52.038447 72.111026 87.863531 41.182521 60.827625 46.173586 34.409301 29.732137 72.801099 22.360680 104.403065 75.286121 82.462113 22.000000 48.166378 28.284271 88.769364 33.105891 0.000000 40.049969 55.569776 32.000000 88.204308 63.906181 79.924965 86.579443 52.000000 35.608988 82.000000 87.658428 40.000000 97.406365 10.000000 89.196412 91.411159 28.071338 65.787537 30.528675 53.141321 4.472136 
40 52.345009 43.863424 40.249224 62.769419 64.031242 50.596443 44.181444 34.928498 30.528675 50.159745 52.000000 58.549125 42.426407 32.249031 36.878178 12.649111 62.801274 30.000000 48.166378 27.202941 66.030296 62.000000 50.159745 22.360680 33.105891 52.839379 21.633308 28.284271 49.396356 34.985711 77.665951 53.141321 43.863424 46.647615 34.234486 13.416408 55.317267 38.209946 40.049969 0.000000 51.419841 52.497619 48.662100 28.284271 52.153619 47.539457 53.851648 26.832816 44.721360 61.057350 2.000000 60.033324 35.440090 67.230945 53.141321 12.649111 29.732137 33.941125 22.360680 36.000000 
41 26.832816 45.694639 33.105891 14.422205 17.204651 68.963759 17.088007 67.052218 67.468511 90.906545 67.082039 8.944272 90.354856 67.911707 25.059928 54.000000 26.000000 74.242845 30.000000 44.271887 26.305893 16.970563 65.299311 29.120440 32.802439 14.560220 68.000000 70.455660 30.265492 70.342022 57.723479 30.000000 85.603738 38.209946 17.888544 44.000000 55.785303 79.246451 55.569776 51.419841 0.000000 32.249031 73.239334 76.967526 40.447497 69.339743 8.000000 26.000000 60.033324 44.045431 49.477268 102.449988 45.650849 39.849718 69.771054 46.000000 77.820306 74.966659 37.202150 55.461698 
42 5.656854 70.028566 58.034473 28.844410 48.414874 89.822046 45.122057 48.662100 51.923020 101.548018 89.106678 40.000000 94.847246 51.419841 17.088007 47.201695 16.124515 62.032250 4.472136 29.529646 20.099751 48.826222 87.132084 37.947332 54.147945 18.439089 59.059292 57.584720 59.228372 52.952809 89.196412 60.166436 95.414884 10.000000 36.000000 39.597980 82.024387 63.560994 32.000000 52.497619 32.249031 0.000000 91.760558 80.721744 68.731361 88.769364 25.612497 29.732137 81.215762 74.215901 51.224994 112.071406 24.738634 71.693793 91.411159 41.036569 82.219219 60.166436 51.923020 34.234486 
43 89.196412 30.000000 41.036569 87.658428 75.073298 8.000000 56.850682 82.969874 77.794601 28.071338 12.000000 75.073298 42.047592 79.699435 74.726167 61.188234 95.707889 73.348483 87.361319 74.000000 97.529483 72.249567 12.165525 53.851648 40.496913 83.186537 65.391131 73.539105 48.414874 82.219219 56.142675 51.613952 27.202941 89.442719 58.137767 60.033324 28.635642 82.292162 88.204308 48.662100 73.239334 91.760558 0.000000 39.597980 41.182521 4.472136 79.924965 62.096699 14.422205 46.818800 48.373546 38.209946 82.024387 58.309519 10.198039 60.133186 38.209946 78.790862 39.849718 84.380092 
44 80.622577 52.952809 56.035703 89.554453 86.833173 45.607017 65.969690 52.345009 46.173586 26.000000 48.826222 82.873397 14.142136 48.166378 65.115282 35.777088 90.906545 38.209946 76.419893 53.851648 94.021274 84.403791 47.707442 48.373546 50.358713 80.448741 32.062439 40.000000 66.030296 50.039984 87.361319 70.028566 20.099751 74.404301 59.093147 41.231056 60.166436 46.690470 63.906181 28.284271 76.967526 80.721744 39.597980 0.000000 64.498062 41.231056 80.622577 54.405882 44.721360 72.993150 29.732137 33.526109 61.773781 82.219219 48.414874 40.000000 2.000000 44.181444 41.231056 59.464275 
45 64.280635 12.165525 12.806248 53.851648 36.055513 34.409301 24.000000 83.450584 80.721744 66.483081 31.240999 38.626416 74.027022 82.073138 54.405882 62.481997 66.272166 82.097503 65.115282 64.899923 66.753277 33.286634 30.000000 38.832976 19.798990 54.037024 73.783467 80.000000 10.198039 84.899941 25.612497 11.661904 63.150614 70.880181 33.526109 55.172457 16.124515 90.000000 79.924965 52.153619 40.447497 68.731361 41.182521 64.498062 0.000000 36.715120 48.373546 44.721360 26.832816 8.944272 50.477718 77.794601 70.710678 18.110770 34.058773 56.568542 64.280635 85.603738 30.000000 77.665951 
46 86.023253 25.612497 36.878178 83.761566 70.767224 4.472136 52.801515 82.219219 77.252832 32.000000 8.246211 70.936591 44.944410 79.120162 71.805292 60.166436 92.195445 73.430239 84.403791 72.111026 93.914855 67.941151 8.000000 50.990195 36.715120 79.624117 65.299311 73.348483 44.045431 81.706793 52.038447 47.201695 30.594117 86.833173 54.626001 58.309519 24.331050 82.365041 86.579443 47.539457 69.339743 88.769364 4.472136 41.231056 36.715120 0.000000 76.157731 59.228372 10.000000 42.379240 47.074409 42.426407 80.024996 53.851648 7.211103 58.549125 40.000000 78.714675 36.878178 82.873397 
47 20.000000 53.141321 40.496913 8.944272 22.803509 76.026311 24.738634 65.115282 66.272166 96.208108 74.323617 14.422205 94.339811 66.483081 22.360680 54.589376 18.000000 74.027022 24.083189 42.426407 18.439089 23.323808 72.498276 32.249031 39.446166 7.211103 68.468971 70.000000 38.209946 68.731361 65.513357 38.000000 90.686272 32.802439 22.627417 44.721360 63.560994 78.230429 52.000000 53.851648 8.000000 25.612497 79.924965 80.622577 48.373546 76.157731 0.000000 27.202941 67.082039 52.038447 52.000000 107.628992 42.379240 47.539457 76.967526 46.690470 81.633327 74.108029 42.426407 52.497619 
48 27.784888 42.755117 32.310989 36.055513 41.231056 60.530984 25.612497 42.941821 42.379240 72.801099 60.133186 34.234486 68.410526 43.081318 12.649111 28.000000 36.769553 48.373546 25.298221 21.260292 39.698866 39.849718 58.137767 8.246211 26.683328 26.076810 42.000000 44.721360 37.202150 45.694639 68.818602 39.698866 66.843100 28.000000 12.806248 18.000000 55.317267 53.851648 35.608988 26.832816 26.000000 29.732137 62.096699 54.405882 44.721360 59.228372 27.202941 0.000000 52.153619 52.153619 25.059928 83.737686 26.076810 53.740115 62.289646 20.000000 55.605755 49.477268 22.360680 33.941125 
49 78.102497 15.620499 27.202941 74.431176 60.827625 8.944272 43.266615 79.624117 75.179785 40.447497 8.000000 61.220911 50.990195 76.941536 64.498062 57.271284 83.570330 72.801099 76.941536 67.082039 85.088190 58.000000 6.000000 44.045431 27.856777 70.936591 64.404969 72.111026 34.058773 79.649231 44.181444 37.202150 38.000000 80.099938 46.173586 53.851648 16.124515 81.608823 82.000000 44.721360 60.033324 81.215762 14.422205 44.721360 26.832816 10.000000 67.082039 52.153619 0.000000 32.984845 43.863424 51.419841 74.672619 44.271887 10.198039 54.405882 43.863424 77.665951 30.000000 78.587531 
50 69.426220 20.099751 21.260292 56.320511 36.055513 39.395431 29.120440 91.934759 89.375612 73.348483 35.777088 40.447497 82.024387 90.686272 60.926185 71.217975 70.028566 90.972523 70.880181 72.801099 70.028566 33.526109 34.928498 46.861498 28.425341 58.309519 82.680106 88.814413 15.231546 93.509358 16.970563 14.142136 70.455660 77.252832 40.249224 63.655322 18.867962 98.812955 87.658428 61.057350 44.045431 74.215901 46.818800 72.993150 8.944272 42.379240 52.038447 52.153619 32.984845 0.000000 59.363288 84.403791 78.230429 11.661904 38.470768 65.115282 72.691127 94.403390 38.832976 85.603738 
51 50.911688 42.426407 38.470768 60.926185 62.032250 50.000000 42.190046 35.777088 31.622777 50.990195 51.264022 56.568542 43.863424 33.286634 35.383612 13.416408 61.220911 31.622777 46.861498 26.683328 64.404969 60.000000 49.396356 20.396078 31.304952 51.107729 23.323808 29.732137 47.539457 36.055513 76.026311 51.264022 44.721360 45.650849 32.249031 12.649111 54.037024 39.698866 40.000000 2.000000 49.477268 51.224994 48.373546 29.732137 50.477718 47.074409 52.000000 25.059928 43.863424 59.363288 0.000000 61.057350 34.928498 65.391131 52.497619 12.165525 31.112698 35.383612 20.591260 36.055513 
52 111.211510 65.787537 74.242845 116.275535 108.406642 46.173586 88.204308 85.510233 79.246451 11.661904 50.159745 106.508216 22.000000 81.215762 95.603347 69.079664 120.415946 70.256672 107.647573 86.764048 123.109707 105.678759 50.358713 76.419893 71.021124 108.903627 65.115282 72.691127 83.258633 82.873397 94.339811 86.925255 16.970563 106.677083 85.041167 73.430239 66.753277 78.025637 97.406365 60.033324 102.449988 112.071406 38.209946 33.526109 77.794601 42.426407 107.628992 83.737686 51.419841 84.403791 61.057350 0.000000 94.847246 95.603347 48.041649 72.470684 31.622777 76.236474 65.299311 92.973114 
53 28.071338 67.675697 58.137767 49.030603 62.769419 82.219219 50.990195 24.083189 27.202941 85.440037 82.607506 54.589376 75.471849 26.683328 20.591260 26.076810 40.199502 37.576588 22.090722 8.246211 44.181444 62.128898 80.622577 32.310989 52.000000 36.878178 35.608988 33.105891 63.245553 28.284271 94.868330 65.604878 79.120162 15.231546 38.418745 22.360680 80.324343 38.832976 10.000000 35.440090 45.650849 24.738634 82.024387 61.773781 70.710678 80.024996 42.379240 26.076810 74.672619 78.230429 34.928498 94.847246 0.000000 79.397733 84.380092 22.803509 63.529521 35.440090 45.122057 10.198039 
54 66.483081 30.265492 27.202941 50.159745 28.071338 50.990195 28.425341 95.603347 93.744333 84.403791 47.413078 34.234486 92.086915 94.868330 60.464866 76.157731 65.115282 96.602277 68.876701 74.966659 64.498062 26.000000 46.518813 50.000000 34.176015 54.405882 88.566359 94.021274 17.888544 97.652445 18.110770 14.422205 81.215762 76.157731 41.036569 67.675697 30.528675 103.942292 89.196412 67.230945 39.849718 71.693793 58.309519 82.219219 18.110770 53.851648 47.539457 53.740115 44.271887 11.661904 65.391131 95.603347 79.397733 0.000000 50.119856 69.339743 82.097503 99.478641 44.944410 87.681241 
55 88.294960 24.413111 36.715120 84.118963 69.426220 2.828427 52.839379 88.022724 83.258633 38.209946 2.828427 70.455660 52.000000 85.088190 74.672619 65.787537 93.637599 79.924965 87.132084 76.655072 95.078915 66.603303 4.472136 54.147945 37.947332 80.993827 71.693793 79.649231 42.520583 87.726849 46.389654 45.254834 37.363083 90.199778 56.320511 63.150614 19.697716 88.836929 91.411159 53.141321 69.771054 91.411159 10.198039 48.414874 34.058773 7.211103 76.967526 62.289646 10.198039 38.470768 52.497619 48.041649 84.380092 50.119856 0.000000 63.560994 47.201695 85.088190 40.049969 87.863531 
56 41.617304 50.477718 43.863424 55.317267 60.827625 61.188234 43.081318 26.907248 24.413111 62.769419 62.096699 54.147945 54.037024 25.612497 26.832816 8.000000 52.839379 28.635642 36.878178 14.560220 56.356011 59.228372 60.166436 19.697716 36.769553 44.271887 22.000000 25.298221 51.613952 28.425341 82.073138 54.918121 56.462377 34.409301 31.048349 2.000000 62.769419 34.928498 28.071338 12.649111 46.000000 41.036569 60.133186 40.000000 56.568542 58.549125 46.690470 20.000000 54.405882 65.115282 12.165525 72.470684 22.803509 69.339743 63.560994 0.000000 41.617304 30.463092 27.202941 24.331050 
57 82.024387 52.611786 56.142675 90.553851 87.361319 44.407207 66.483081 54.332311 48.166378 24.000000 47.707442 83.570330 12.806248 50.159745 66.483081 37.576588 92.195445 40.199502 77.897368 55.569776 95.268043 84.899941 46.647615 49.396356 50.635956 81.608823 34.058773 42.000000 66.121101 52.038447 86.833173 70.114193 18.110770 76.026311 59.933296 42.801869 59.464275 48.662100 65.787537 29.732137 77.820306 82.219219 38.209946 2.000000 64.280635 40.000000 81.633327 55.605755 43.863424 72.691127 31.112698 31.622777 63.529521 82.097503 47.201695 41.617304 0.000000 46.173586 41.761226 61.351447 
58 63.150614 77.794601 73.239334 82.000000 90.708324 82.365041 73.539105 12.806248 8.246211 70.114193 84.380092 83.546394 54.332311 8.944272 52.000000 23.323808 75.312682 6.000000 57.271284 32.062439 79.246451 89.286057 82.680106 50.159745 66.030296 70.028566 13.416408 5.656854 81.633327 8.485281 111.211510 85.088190 64.280635 50.596443 61.351447 32.310989 89.196412 4.472136 30.528675 33.941125 74.966659 60.166436 78.790862 44.181444 85.603738 78.714675 74.108029 49.477268 77.665951 94.403390 35.383612 76.236474 35.440090 99.478641 85.088190 30.463092 46.173586 0.000000 55.605755 26.832816 
59 49.396356 23.323808 17.888544 50.990195 45.607017 38.209946 24.738634 54.037024 50.911688 53.814496 38.000000 42.047592 53.851648 52.345009 34.928498 32.557641 56.603887 52.153619 47.539457 37.947332 58.821765 43.174066 36.000000 14.142136 10.770330 44.407207 43.908997 50.000000 27.202941 55.172457 55.605755 31.048349 48.414874 50.159745 19.798990 26.076810 35.777088 60.000000 53.141321 22.360680 37.202150 51.923020 39.849718 41.231056 30.000000 36.878178 42.426407 22.360680 30.000000 38.832976 20.591260 65.299311 45.122057 44.944410 40.049969 27.202941 41.761226 55.605755 0.000000 50.159745 
60 38.000000 73.348483 64.899923 59.228372 72.470684 85.510233 59.464275 14.560220 18.867962 84.403791 86.348133 64.404969 72.498276 17.888544 30.463092 24.331050 50.039984 30.000000 32.000000 12.806248 54.037024 71.693793 84.403791 38.832976 58.309519 47.074409 30.000000 25.612497 70.936591 18.973666 102.449988 73.593478 78.102497 24.331050 46.690470 24.738634 85.906926 29.732137 4.472136 36.000000 55.461698 34.234486 84.380092 59.464275 77.665951 82.873397 52.497619 33.941125 78.587531 85.603738 36.055513 92.973114 10.198039 87.681241 87.863531 24.331050 61.351447 26.832816 50.159745 0.000000 
;

param qq := 100;

param d :=
1 0
2 16
3 2
4 7
5 11
6 9
7 17
8 21
9 23
10 10
11 6
12 19
13 18
14 20
15 13
16 5
17 11
18 24
19 2
20 3
21 1
22 5
23 20
24 23
25 24
26 18
27 19
28 2
29 17
30 17
31 9
32 11
33 2
34 6
35 9
36 5
37 9
38 2
39 14
40 19
41 11
42 21
43 20
44 21
45 18
46 48
47 1
48 17
49 42
50 2
51 4
52 24
53 18
54 21
55 11
56 9
57 18
58 22
59 9
60 23
;