#

param c:
    1  2  3  4  5  6  7  8  9 10 11 12 13 14 15 16 17 18 19 20 21 22 23 24 25 26 27 28 29 30 31 32 33 34 35 36 37 38 39 40 41 42 43 44 45 46 47 48 49 50 51 52 53 54 55 56 57 58 59 60 61 62 63 64 65 :=
 1 0.000000 25.455844 14.560220 19.646883 7.071068 25.000000 9.219544 14.142136 15.811388 23.600847 26.000000 29.154759 12.083046 22.561028 27.802878 27.202941 19.416488 8.062258 34.885527 23.409400 36.769553 27.294688 30.413813 31.384710 33.136083 33.241540 6.082763 16.155494 24.515301 18.439089 14.317821 37.107951 22.203603 17.804494 10.000000 18.027756 33.105891 32.015621 26.925824 22.360680 14.142136 36.235342 36.069378 31.890437 20.615528 14.142136 11.180340 26.925824 20.615528 28.071338 29.681644 11.045361 14.142136 22.671568 27.018512 42.426407 37.161808 28.178006 20.000000 38.418745 43.266615 34.234486 22.360680 22.360680 43.011626 
 2 25.455844 0.000000 14.560220 23.021729 26.419690 33.060551 16.278821 39.597980 40.224371 37.215588 47.539457 54.203321 31.780497 42.059482 53.150729 40.049969 14.035669 24.596748 36.400549 47.707442 44.721360 23.769729 9.848858 12.529964 25.806976 42.296572 30.610456 35.114100 14.317821 30.265492 21.377558 54.744863 31.000000 8.062258 33.286634 43.278170 34.176015 38.639358 50.606324 38.832976 29.120440 11.180340 10.630146 6.708204 26.019224 29.120440 35.227830 28.861739 26.019224 18.867962 34.713110 18.384776 35.777088 48.104054 48.846699 49.477268 16.278821 43.289722 42.047592 63.780875 45.694639 21.260292 8.246211 8.246211 18.384776 
 3 14.560220 14.560220 0.000000 24.207437 12.727922 19.924859 8.544004 27.784888 26.870058 34.481879 40.199502 43.382024 25.019992 27.513633 40.459857 26.076810 18.027756 18.248288 40.360872 34.058773 32.310989 15.264338 16.401219 25.079872 33.615473 42.485292 20.615528 20.615528 10.049876 16.000000 7.000000 50.249378 30.413813 10.440307 19.798990 30.610456 24.083189 26.400758 41.484937 34.525353 24.738634 25.632011 24.186773 21.189620 26.627054 14.560220 21.931712 17.804494 13.000000 26.832816 36.619667 14.764823 21.633308 36.359318 34.438351 51.107729 30.016662 29.017236 34.234486 50.990195 35.608988 20.000000 8.485281 16.492423 29.698485 
 4 19.646883 23.021729 24.207437 0.000000 26.000000 42.201896 16.278821 29.427878 34.000000 14.866069 28.319605 39.446166 15.231546 42.201896 42.720019 46.065171 9.000000 12.041595 16.278821 41.109610 54.644304 39.408121 32.388269 19.723083 14.142136 19.416488 20.024984 35.735137 32.202484 36.359318 29.068884 32.572995 8.062258 16.763055 29.427878 34.365681 48.104054 49.203658 33.421550 17.492856 10.295630 29.410882 31.575307 26.476405 3.000000 32.649655 30.149627 41.725292 36.124784 11.401754 12.529964 10.000000 33.734256 36.055513 46.173586 27.313001 25.000000 47.539457 24.207437 52.554733 59.413803 41.785165 26.570661 15.033296 40.447497 
 5 7.071068 26.419690 12.727922 26.000000 0.000000 18.027756 12.041595 15.811388 14.142136 30.610456 31.400637 31.622777 18.867962 17.000000 27.802878 20.248457 24.020824 15.000000 41.677332 21.400935 29.698485 22.022716 29.068884 34.713110 38.832976 40.311289 11.704700 10.049876 21.470911 11.401754 9.219544 43.324358 29.206164 19.924859 7.071068 18.027756 26.570661 25.000000 31.064449 29.154759 21.213203 37.589892 36.619667 33.120990 27.294688 7.071068 9.219544 20.615528 14.317821 33.136083 36.619667 16.492423 9.486833 24.166092 22.803509 49.497475 40.261644 21.540659 25.495098 38.288379 36.359318 30.364453 21.213203 25.495098 42.426407 
 6 25.000000 33.060551 19.924859 42.201896 18.027756 0.000000 26.076810 30.413813 25.000000 48.600412 48.383882 45.000000 36.891733 16.552945 37.656341 8.062258 37.576588 32.557641 58.412327 28.861739 12.529964 13.038405 29.832868 44.721360 53.225934 58.137767 29.529646 14.000000 20.396078 6.708204 13.416408 60.926185 46.669048 30.364453 20.615528 30.000000 10.049876 7.071068 46.690470 47.169906 39.051248 43.104524 40.447497 39.012818 44.045431 11.180340 22.360680 7.071068 7.071068 46.615448 53.814496 32.202484 18.027756 37.000000 24.186773 67.268120 49.254441 12.206556 42.720019 46.486557 18.357560 23.600847 25.000000 36.400549 42.720019 
 7 9.219544 16.278821 8.544004 16.278821 12.041595 26.076810 0.000000 23.345235 24.596748 25.961510 32.756679 38.013156 17.117243 29.017236 37.013511 30.675723 12.165525 10.000000 32.557641 32.202484 38.587563 23.706539 22.135944 22.803509 27.513633 34.000000 14.422205 22.000000 18.110770 20.615528 12.806248 42.047592 21.954498 8.602325 18.027756 27.202941 31.890437 33.015148 34.928498 26.172505 16.278821 27.018512 26.907248 22.671568 18.439089 17.464249 19.697716 25.495098 19.849433 21.377558 28.425341 6.403124 21.377558 31.827661 34.713110 42.720019 28.460499 32.756679 26.925824 47.634021 43.139309 28.160256 14.317821 13.601471 34.132096 
 8 14.142136 39.597980 27.784888 29.427878 15.811388 30.413813 23.345235 0.000000 7.071068 25.632011 18.867962 15.811388 15.033296 19.209373 13.892444 28.635642 32.202484 18.027756 41.436699 12.165525 39.395431 37.483330 44.102154 44.777226 43.566042 35.846897 9.848858 16.763055 37.161808 24.083189 25.000000 32.202484 28.160256 31.890437 10.000000 5.000000 40.199502 36.400549 16.278821 22.360680 20.000000 50.328918 50.209561 46.010868 29.068884 20.000000 8.062258 35.000000 29.068884 39.849718 35.510562 23.706539 12.649111 8.602325 19.235384 44.721360 50.606324 27.459060 14.142136 24.413111 48.083261 46.173586 36.055513 36.055513 57.008771 
 9 15.811388 40.224371 26.870058 34.000000 14.142136 25.000000 24.596748 7.071068 0.000000 32.202484 25.806976 20.000000 20.880613 12.206556 13.892444 22.135944 35.171011 22.022716 47.296934 7.615773 32.893768 33.837849 43.185646 47.169906 48.041649 42.485292 14.035669 11.000000 35.227830 19.235384 22.472205 39.204592 33.955854 33.120990 7.071068 5.000000 35.014283 30.413813 22.472205 29.154759 25.495098 51.312766 50.606324 46.872167 34.132096 15.811388 5.000000 30.413813 25.000000 43.566042 41.484937 26.683328 7.071068 12.000000 12.649111 51.478151 52.924474 20.591260 21.213203 24.207437 41.976184 43.382024 35.355339 38.078866 56.568542 
10 23.600847 37.215588 34.481879 14.866069 30.610456 48.600412 25.961510 25.632011 32.202484 0.000000 15.652476 29.614186 12.041595 43.266615 36.055513 50.209561 23.537205 16.552945 17.262677 37.643060 60.207973 49.396356 46.000000 34.438351 24.839485 10.295630 19.849433 38.288379 43.931765 42.011903 37.121422 17.720045 7.211103 30.000000 30.610456 30.364453 56.435804 55.605755 22.135944 4.123106 9.848858 44.271887 46.324939 41.231056 12.083046 37.643060 30.232433 50.119856 43.908997 25.238859 11.401754 20.223748 35.000000 29.068884 44.777226 19.416488 39.446166 50.447993 14.035669 44.283180 66.850580 53.935146 39.204592 29.614186 55.108983 
11 26.000000 47.539457 40.199502 28.319605 31.400637 48.383882 32.756679 18.867962 25.806976 15.652476 0.000000 15.033296 15.811388 38.013156 23.769729 47.413078 35.510562 23.086793 32.572995 28.425341 58.137767 53.150729 54.817880 47.801674 40.224371 23.086793 20.024984 35.341194 50.249378 41.761226 40.112342 13.453624 22.203603 39.560081 27.856777 21.931712 57.723479 54.781384 7.000000 11.661904 18.867962 56.435804 57.697487 52.773099 26.172505 37.363083 26.400758 51.971146 45.705580 39.597980 26.925824 29.154759 31.304952 17.492856 36.796739 30.265492 53.263496 46.324939 6.000000 30.066593 66.483081 60.133186 47.074409 41.182521 65.924199 
12 29.154759 54.203321 43.382024 39.446166 31.622777 45.000000 38.013156 15.811388 20.000000 29.614186 15.033296 0.000000 24.413111 30.805844 10.630146 41.593269 44.687806 30.413813 46.872167 18.384776 52.172790 53.150729 59.539903 57.489129 52.801515 38.013156 23.600847 31.000000 52.924474 39.115214 40.804412 26.400758 35.114100 46.227697 25.495098 15.000000 55.009090 50.249378 8.062258 25.495098 29.154759 64.443774 64.815122 60.307545 38.013156 35.355339 23.345235 50.249378 44.553339 50.774009 41.000000 36.769553 27.018512 8.000000 26.832816 45.276926 63.253458 39.293765 15.811388 15.033296 61.660360 61.983869 51.478151 49.497475 72.111026 
13 12.083046 31.780497 25.019992 15.231546 18.867962 36.891733 17.117243 15.033296 20.880613 12.041595 15.811388 24.413111 0.000000 31.384710 27.658633 38.183766 20.518285 7.280110 26.476405 27.166155 48.270074 39.051248 39.051248 33.241540 29.120440 22.203603 7.810250 26.248809 35.000000 30.232433 26.248809 25.317978 13.152946 23.769729 18.601075 20.024984 45.188494 43.829214 19.209373 10.295630 5.099020 41.048752 42.059482 37.215588 14.317821 25.806976 18.357560 39.000000 32.695565 26.419690 20.615528 13.416408 23.021729 20.880613 33.526109 31.400637 38.948684 38.418745 10.295630 37.336309 55.226805 45.011110 31.400637 25.806976 50.159745 
14 22.561028 42.059482 27.513633 42.201896 17.000000 16.552945 29.017236 19.209373 12.206556 43.266615 38.013156 30.805844 31.384710 0.000000 22.000000 11.000000 41.012193 30.364453 57.008771 13.000000 21.377558 28.425341 42.190046 51.478151 55.578773 53.535035 23.706539 7.071068 33.015148 13.453624 21.023796 51.400389 43.863424 36.496575 13.000000 16.552945 26.248809 20.099751 34.438351 40.607881 35.341194 53.141321 51.478151 48.703183 43.011626 13.000000 13.038405 23.323808 19.798990 50.089919 51.478151 33.241540 8.544004 23.086793 7.810250 62.681736 56.885851 8.544004 33.301652 30.083218 31.064449 38.948684 35.341194 42.296572 55.758407 
15 27.802878 53.150729 40.459857 42.720019 27.802878 37.656341 37.013511 13.892444 13.892444 36.055513 23.769729 10.630146 27.658633 22.000000 0.000000 33.000000 46.065171 31.780497 53.009433 9.000000 43.185646 47.539457 56.850682 58.668561 56.753854 45.541190 23.706539 24.041631 49.091751 32.572995 36.359318 36.359318 40.199502 45.607017 20.808652 9.899495 47.675990 42.047592 17.492856 32.140317 32.756679 64.031242 63.702433 59.665736 41.976184 29.546573 18.601075 43.680659 38.626416 53.488316 47.010637 37.589892 20.615528 7.000000 16.763055 53.600373 64.498062 30.149627 22.203603 10.630146 53.037722 57.245087 48.918299 49.929951 70.092796 
16 27.202941 40.049969 26.076810 46.065171 20.248457 8.062258 30.675723 28.635642 22.135944 50.209561 47.413078 41.593269 38.183766 11.000000 33.000000 0.000000 42.720019 35.227830 61.911227 24.000000 10.770330 21.095023 37.643060 51.156622 58.189346 60.207973 30.413813 12.206556 28.160256 10.198039 19.104973 60.539243 49.406477 36.345564 20.000000 26.925824 16.124515 9.219544 44.598206 48.166378 41.231056 50.487622 48.052055 46.270941 47.507894 13.416408 21.095023 15.000000 14.317821 51.923020 56.859476 36.249138 16.124515 33.734256 17.720045 69.426220 56.008928 4.242641 42.190046 40.792156 20.099751 31.622777 32.249031 42.426407 50.695167 
17 19.416488 14.035669 18.027756 9.000000 24.020824 37.576588 12.165525 32.202484 35.171011 23.537205 35.510562 44.687806 20.518285 41.012193 46.065171 42.720019 0.000000 14.422205 23.323808 42.720019 50.089919 32.526912 23.537205 12.806248 15.652476 28.284271 22.360680 34.058773 24.413111 32.572995 24.166092 41.231056 17.029386 8.602325 29.274562 36.769553 42.011903 44.294469 39.698866 25.632011 16.643317 21.023796 22.803509 17.720045 12.000000 29.614186 30.594117 35.805028 30.886890 9.219544 20.880613 8.544004 33.060551 39.962482 46.270941 35.735137 18.601075 44.911023 30.610456 56.435804 53.600373 33.541020 18.357560 6.082763 31.575307 
18 8.062258 24.596748 18.248288 12.041595 15.000000 32.557641 10.000000 18.027756 22.022716 16.552945 23.086793 30.413813 7.280110 30.364453 31.780497 35.227830 14.422205 0.000000 26.832816 29.274562 44.598206 32.893768 31.780497 27.202941 26.019224 25.612497 8.246211 24.166092 28.071338 26.172505 20.591260 32.062439 14.212670 16.552945 17.464249 22.803509 39.962482 39.623226 26.076810 16.278821 6.708204 34.205263 34.985711 30.232433 12.649111 22.022716 18.110770 33.615473 27.459060 21.840330 21.633308 6.403124 21.840330 25.553865 34.132096 34.713110 33.015148 36.235342 17.464249 42.059482 50.606324 38.118237 24.186773 19.104973 42.953463 
19 34.885527 36.400549 40.360872 16.278821 41.677332 58.412327 32.557641 41.436699 47.296934 17.262677 32.572995 46.872167 26.476405 57.008771 53.009433 61.911227 23.323808 26.832816 0.000000 53.600373 70.802542 55.443665 46.238512 28.071338 13.152946 11.313708 33.526109 50.990195 47.707442 52.430907 45.343136 29.732137 13.341664 31.906112 44.011362 46.389654 64.350602 65.436993 39.293765 21.377558 21.840330 39.115214 42.426407 37.656341 14.422205 48.548944 44.271887 57.982756 52.402290 18.248288 6.000000 26.248809 48.466483 46.010868 59.908263 14.035669 31.144823 63.063460 31.256999 61.522354 75.690158 56.824291 41.677332 28.231188 51.351728 
20 23.409400 47.707442 34.058773 41.109610 21.400935 28.861739 32.202484 12.165525 7.615773 37.643060 28.425341 18.384776 27.166155 13.000000 9.000000 24.000000 42.720019 29.274562 53.600373 0.000000 34.234486 39.357337 50.209561 54.781384 55.226805 47.759816 21.095023 15.652476 41.868843 24.166092 29.068884 41.773197 40.311289 40.706265 14.422205 7.280110 38.832976 33.060551 23.430749 34.176015 32.062439 58.830264 58.008620 54.378304 41.000000 21.633308 12.529964 35.114100 30.413813 50.990195 47.675990 34.205263 12.806248 11.401754 8.602325 56.462377 60.539243 21.213203 25.059928 17.888544 44.045431 49.396356 42.520583 45.694639 63.702433 
21 36.769553 44.721360 32.310989 54.644304 29.698485 12.529964 38.587563 39.395431 32.893768 60.207973 58.137767 52.172790 48.270074 21.377558 43.185646 10.770330 50.089919 44.598206 70.802542 34.234486 0.000000 22.022716 40.012498 56.753854 65.741920 70.007142 40.607881 22.825424 31.064449 18.439089 25.942244 71.196910 58.796258 42.720019 30.528675 37.643060 12.649111 6.082763 55.362442 58.412327 50.911688 54.083269 51.000000 50.249378 56.400355 22.627417 31.764760 16.031220 19.313208 59.093147 66.068147 44.654227 26.832816 44.384682 27.018512 79.195959 61.000000 13.038405 52.839379 50.159745 10.198039 31.048349 36.496575 48.703183 51.788030 
22 27.294688 23.769729 15.264338 39.408121 22.022716 13.038405 23.706539 37.483330 33.837849 49.396356 53.150729 53.150729 39.051248 28.425341 47.539457 21.095023 32.526912 32.893768 55.443665 39.357337 22.022716 0.000000 18.000000 36.249138 47.634021 57.706152 33.136083 23.706539 9.486833 15.264338 13.038405 64.327288 45.650849 24.083189 27.658633 38.600518 10.440307 16.124515 53.084838 49.040799 39.560081 32.249031 29.017236 28.635642 41.880783 18.027756 29.832868 6.324555 8.944272 40.607881 51.865210 30.016662 26.925824 45.354162 36.235342 66.370174 39.849718 25.238859 47.169906 57.245087 21.931712 10.630146 15.652476 29.410882 30.083218 
23 30.413813 9.848858 16.401219 32.388269 29.068884 29.832868 22.135944 44.102154 43.185646 46.000000 54.817880 59.539903 39.051248 42.190046 56.850682 37.643060 23.537205 31.780497 46.238512 50.209561 40.012498 18.000000 0.000000 21.213203 35.510562 51.788030 36.249138 35.805028 9.486833 29.068884 21.400935 63.198101 40.199502 16.000000 36.124784 47.010637 28.160256 34.058773 57.008771 47.169906 37.215588 14.560220 11.045361 11.661904 35.355339 29.410882 38.288379 24.083189 23.409400 28.653098 44.384682 26.172505 37.536649 52.697249 49.648766 59.203040 23.323808 41.436699 49.040799 67.357256 39.051248 12.206556 8.062258 18.027756 13.601471 
24 31.384710 12.529964 25.079872 19.723083 34.713110 44.721360 22.803509 44.777226 47.169906 34.438351 47.801674 57.489129 33.241540 51.478151 58.668561 51.156622 12.806248 27.202941 28.071338 54.781384 56.753854 36.249138 21.213203 0.000000 15.524175 36.496575 34.985711 44.407207 26.832816 41.048752 32.062439 52.000000 27.313001 15.033296 40.804412 49.193496 46.615448 50.695167 52.345009 37.215588 29.068884 11.045361 14.560220 10.295630 22.360680 39.051248 42.379240 41.109610 37.656341 10.049876 28.284271 21.095023 44.147480 52.697249 57.489129 42.011903 5.830952 54.009258 43.185646 69.115845 58.180753 33.301652 20.615528 9.219544 23.345235 
25 33.136083 25.806976 33.615473 14.142136 38.832976 53.225934 27.513633 43.566042 48.041649 24.839485 40.224371 52.801515 29.120440 55.578773 56.753854 58.189346 15.652476 26.019224 13.152946 55.226805 65.741920 47.634021 35.510562 15.524175 0.000000 23.259407 34.132096 48.836462 38.897301 48.104054 39.812058 40.804412 18.027756 23.600847 43.104524 48.507731 57.428216 59.941638 46.141088 28.600699 24.041631 26.476405 30.083218 25.632011 14.866069 44.922155 44.011362 51.312766 46.529560 7.071068 15.264338 22.360680 47.265209 50.000000 60.033324 27.166155 18.027756 60.166436 37.121422 66.407831 69.065187 47.010637 32.526912 18.384776 38.832976 
26 33.241540 42.296572 42.485292 19.416488 40.311289 58.137767 34.000000 35.846897 42.485292 10.295630 23.086793 38.013156 22.203603 53.535035 45.541190 60.207973 28.284271 25.612497 11.313708 47.759816 70.007142 57.706152 51.788030 36.496575 23.259407 0.000000 30.000000 48.414874 51.264022 51.662365 46.043458 18.439089 12.083046 36.138622 40.804412 40.496913 65.459911 65.192024 30.066593 13.601471 19.104973 47.265209 50.039984 45.011110 16.492423 47.381431 40.496913 59.076222 53.009433 26.476405 8.246211 27.730849 45.221676 38.639358 55.036352 9.219544 40.521599 60.605280 23.345235 53.000000 76.216796 61.032778 45.880279 34.132096 59.033889 
27 6.082763 30.610456 20.615528 20.024984 11.704700 29.529646 14.422205 9.848858 14.035669 19.849433 20.024984 23.600847 7.810250 23.706539 23.706539 30.413813 22.360680 8.246211 33.526109 21.095023 40.607881 33.136083 36.249138 34.985711 34.132096 30.000000 0.000000 18.439089 30.594117 22.825424 20.099751 31.622777 20.248457 22.671568 10.816654 14.560220 38.275318 36.359318 20.880613 17.804494 11.704700 41.012193 41.231056 36.796739 20.099751 18.357560 10.770330 32.280025 25.961510 30.083218 27.856777 13.892444 15.264338 17.804494 26.476405 39.204592 40.816663 30.610456 14.035669 34.132096 47.885280 40.311289 28.231188 26.400758 48.548944 
28 16.155494 35.114100 20.615528 35.735137 10.049876 14.000000 22.000000 16.763055 11.000000 38.288379 35.341194 31.000000 26.248809 7.071068 24.041631 12.206556 34.058773 24.166092 50.990195 15.652476 22.825424 23.706539 35.805028 44.407207 48.836462 48.414874 18.439089 0.000000 26.907248 8.544004 14.422205 48.373546 38.078866 29.427878 7.810250 16.000000 24.020824 19.646883 32.984845 36.069378 29.681644 46.238512 44.721360 41.785165 36.769553 6.403124 8.944272 19.646883 14.764823 43.185646 45.650849 26.476405 4.123106 23.000000 13.892444 57.628118 49.819675 12.206556 30.016662 33.541020 31.320920 33.837849 28.653098 35.227830 49.406477 
29 24.515301 14.317821 10.049876 32.202484 21.470911 20.396078 18.110770 37.161808 35.227830 43.931765 50.249378 52.924474 35.000000 33.015148 49.091751 28.160256 24.413111 28.071338 47.707442 41.868843 31.064449 9.486833 9.486833 26.832816 38.897301 51.264022 30.594117 26.907248 0.000000 19.723083 12.806248 60.133186 39.217343 15.811388 28.301943 39.446166 19.924859 25.019992 51.419841 44.283180 34.365681 23.021729 20.099751 19.235384 34.928498 20.518285 30.528675 15.033296 13.928388 31.827661 44.721360 23.769729 29.068884 45.617979 40.607881 59.506302 30.364453 31.953091 44.283180 59.405387 31.384710 10.049876 6.403124 20.518285 22.825424 
30 18.439089 30.265492 16.000000 36.359318 11.401754 6.708204 20.615528 24.083189 19.235384 42.011903 41.761226 39.115214 30.232433 13.453624 32.572995 10.198039 32.572995 26.172505 52.430907 24.166092 18.439089 15.264338 29.068884 41.048752 48.104054 51.662365 22.825424 8.544004 19.723083 0.000000 9.000000 54.230987 40.360872 26.172505 14.142136 24.186773 16.124515 13.601471 40.311289 40.496913 32.557641 41.000000 38.897301 36.674242 38.013156 4.472136 16.031220 11.180340 6.403124 41.761226 47.634021 26.419690 12.165525 31.144823 21.213203 60.827625 46.010868 13.038405 36.055513 42.047592 25.059928 25.612497 22.803509 32.249031 42.544095 
31 14.317821 21.377558 7.000000 29.068884 9.219544 13.416408 12.806248 25.000000 22.472205 37.121422 40.112342 40.804412 26.248809 21.023796 36.359318 19.104973 24.166092 20.591260 45.343136 29.068884 25.942244 13.038405 21.400935 32.062439 39.812058 46.043458 20.099751 14.422205 12.806248 9.000000 0.000000 51.419841 34.205263 17.262677 15.652476 26.832816 19.416488 20.248457 40.199502 36.400549 27.294688 32.280025 30.463092 27.892651 31.112698 8.062258 17.888544 13.038405 7.071068 33.241540 41.036569 19.104973 16.278821 33.241540 28.301943 55.000000 37.013511 22.022716 34.132096 46.615448 30.413813 21.189620 14.317821 23.345235 35.000000 
32 37.107951 54.744863 50.249378 32.572995 43.324358 60.926185 42.047592 32.202484 39.204592 17.720045 13.453624 26.400758 25.317978 51.400389 36.359318 60.539243 41.231056 32.062439 29.732137 41.773197 71.196910 64.327288 63.198101 52.000000 40.804412 18.439089 31.622777 48.373546 60.133186 54.230987 51.419841 0.000000 24.698178 47.265209 40.706265 35.383612 69.892775 67.542579 18.867962 16.031220 26.019224 61.983869 64.031242 58.940648 29.732137 49.769469 39.446166 63.890531 57.567352 42.485292 25.612497 37.054015 44.418465 30.610456 50.209561 21.840330 56.797887 59.640590 18.357560 40.804412 79.202273 70.178344 56.008928 47.296934 72.780492 
33 22.203603 31.000000 30.413813 8.062258 29.206164 46.669048 21.954498 28.160256 33.955854 7.211103 22.203603 35.114100 13.152946 43.863424 40.199502 49.406477 17.029386 14.212670 13.341664 40.311289 58.796258 45.650849 40.199502 27.313001 18.027756 12.083046 20.248457 38.078866 39.217343 40.360872 34.205263 24.698178 0.000000 24.331050 30.870698 33.136083 53.600373 53.740115 28.178006 10.630146 8.544004 37.363083 39.623226 34.525353 5.099020 36.235342 31.016125 47.201695 41.231056 18.027756 7.615773 15.652476 35.341194 33.241540 46.572524 20.808652 32.249031 50.249378 19.313208 49.244289 64.536811 49.040799 33.955854 23.086793 48.507731 
34 17.804494 8.062258 10.440307 16.763055 19.924859 30.364453 8.602325 31.890437 33.120990 30.000000 39.560081 46.227697 23.769729 36.496575 45.607017 36.345564 8.602325 16.552945 31.906112 40.706265 42.720019 24.083189 16.000000 15.033296 23.600847 36.138622 22.671568 29.427878 15.811388 26.172505 17.262677 47.265209 24.331050 0.000000 26.400758 35.805028 33.837849 36.769553 42.544095 31.256999 21.377558 18.439089 18.601075 14.142136 19.646883 24.020824 28.178006 27.784888 23.409400 16.643317 29.154759 10.440307 29.410882 40.311289 42.720019 44.011362 20.396078 39.051248 34.014703 56.222771 45.486262 25.079872 9.848858 6.082763 26.400758 
35 10.000000 33.286634 19.798990 29.427878 7.071068 20.615528 18.027756 10.000000 7.071068 30.610456 27.856777 25.495098 18.601075 13.000000 20.808652 20.000000 29.274562 17.464249 44.011362 14.422205 30.528675 27.658633 36.124784 40.804412 43.104524 40.804412 10.816654 7.810250 28.301943 14.142136 15.652476 40.706265 30.870698 26.400758 0.000000 11.180340 30.265492 26.925824 26.172505 28.284271 22.360680 44.418465 43.600459 39.962482 30.083218 10.000000 2.236068 25.000000 19.104973 38.052595 38.483763 21.023796 4.472136 17.720045 17.029386 50.000000 46.486557 19.849433 22.360680 31.240999 38.626416 36.769553 28.284271 31.622777 49.497475 
36 18.027756 43.278170 30.610456 34.365681 18.027756 30.000000 27.202941 5.000000 5.000000 30.364453 21.931712 15.000000 20.024984 16.552945 9.899495 26.925824 36.769553 22.803509 46.389654 7.280110 37.643060 38.600518 47.010637 49.193496 48.507731 40.496913 14.560220 16.000000 39.446166 24.186773 26.832816 35.383612 33.136083 35.805028 11.180340 0.000000 40.012498 35.355339 17.888544 26.925824 25.000000 54.203321 53.814496 49.819675 34.058773 20.615528 8.944272 35.355339 29.832868 44.643029 40.447497 28.231188 12.041595 7.000000 15.000000 49.244289 55.009090 25.079872 18.027756 20.518285 46.872167 47.927028 39.051248 40.311289 60.207973 
37 33.105891 34.176015 24.083189 48.104054 26.570661 10.049876 31.890437 40.199502 35.014283 56.435804 57.723479 55.009090 45.188494 26.248809 47.675990 16.124515 42.011903 39.962482 64.350602 38.832976 12.649111 10.440307 28.160256 46.615448 57.428216 65.459911 38.275318 24.020824 19.924859 16.124515 19.416488 69.892775 53.600373 33.837849 30.265492 40.012498 0.000000 7.810250 56.435804 55.461698 46.647615 42.579338 39.204592 39.051248 50.328918 20.396078 32.140317 6.403124 12.529964 50.477718 60.307545 38.288379 28.000000 47.010637 33.615473 74.404301 50.289164 20.248457 51.923020 56.320511 11.661904 18.439089 26.000000 39.446166 39.319207 
38 32.015621 38.639358 26.400758 49.203658 25.000000 7.071068 33.015148 36.400549 30.413813 55.605755 54.781384 50.249378 43.829214 20.099751 42.047592 9.219544 44.294469 39.623226 65.436993 33.060551 6.082763 16.124515 34.058773 50.695167 59.941638 65.192024 36.359318 19.646883 25.019992 13.601471 20.248457 67.542579 53.740115 36.769553 26.925824 35.355339 7.810250 0.000000 52.630789 54.083269 46.097722 48.041649 45.011110 44.181444 51.088159 18.027756 28.460499 10.000000 13.416408 53.225934 60.876925 39.204592 23.769729 42.296572 26.925824 74.330344 54.918121 13.000000 49.244289 50.009999 11.704700 25.632011 30.413813 42.720019 46.097722 
39 26.925824 50.606324 41.484937 33.421550 31.064449 46.690470 34.928498 16.278821 22.472205 22.135944 7.000000 8.062258 19.209373 34.438351 17.492856 44.598206 39.698866 26.076810 39.293765 23.430749 55.362442 53.084838 57.008771 52.345009 46.141088 30.066593 20.880613 32.984845 51.419841 40.311289 40.199502 18.867962 28.178006 42.544095 26.172505 17.888544 56.435804 52.630789 0.000000 18.027756 23.345235 60.216277 61.057350 56.302753 31.622777 36.124784 24.331050 51.088159 45.011110 44.821870 33.526109 32.449961 28.861739 12.041595 32.015621 37.215588 57.982756 42.953463 9.219544 23.086793 64.288413 61.000000 49.040799 45.000000 68.883960 
40 22.360680 38.832976 34.525353 17.492856 29.154759 47.169906 26.172505 22.360680 29.154759 4.123106 11.661904 25.495098 10.295630 40.607881 32.140317 48.166378 25.632011 16.278821 21.377558 34.176015 58.412327 49.040799 47.169906 37.215588 28.600699 13.601471 17.804494 36.069378 44.283180 40.496913 36.400549 16.031220 10.630146 31.256999 28.284271 26.925824 55.461698 54.083269 18.027756 0.000000 10.000000 46.615448 48.383882 43.324358 15.000000 36.055513 27.658633 49.244289 42.953463 28.425341 15.524175 21.023796 32.557641 25.179357 41.593269 22.360680 42.438190 48.104054 10.000000 40.199502 65.513357 54.332311 40.000000 31.622777 57.008771 
41 14.142136 29.120440 24.738634 10.295630 21.213203 39.051248 16.278821 20.000000 25.495098 9.848858 18.867962 29.154759 5.099020 35.341194 32.756679 41.231056 16.643317 6.708204 21.840330 32.062439 50.911688 39.560081 37.215588 29.068884 24.041631 19.104973 11.704700 29.681644 34.365681 32.557641 27.294688 26.019224 8.544004 21.377558 22.360680 25.000000 46.647615 46.097722 23.345235 10.000000 0.000000 37.589892 39.000000 34.014703 9.219544 28.284271 22.472205 40.311289 34.132096 21.633308 16.155494 11.045361 26.832816 25.961510 38.078866 28.284271 34.655447 41.880783 14.142136 42.379240 57.201399 44.407207 30.000000 22.360680 47.434165 
42 36.235342 11.180340 25.632011 29.410882 37.589892 43.104524 27.018512 50.328918 51.312766 44.271887 56.435804 64.443774 41.048752 53.141321 64.031242 50.487622 21.023796 34.205263 39.115214 58.830264 54.083269 32.249031 14.560220 11.045361 26.476405 47.265209 41.012193 46.238512 23.021729 41.000000 32.280025 61.983869 37.363083 18.439089 44.418465 54.203321 42.579338 48.041649 60.216277 46.615448 37.589892 0.000000 4.242641 4.472136 32.280025 40.162171 46.324939 38.052595 36.221541 21.000000 39.115214 27.802878 46.957428 58.728187 60.008333 53.037722 10.000000 53.935146 51.312766 74.652528 53.600373 26.400758 18.248288 15.264338 12.369317 
43 36.069378 10.630146 24.186773 31.575307 36.619667 40.447497 26.907248 50.209561 50.606324 46.324939 57.697487 64.815122 42.059482 51.478151 63.702433 48.052055 22.803509 34.985711 42.426407 58.008620 51.000000 29.017236 11.045361 14.560220 30.083218 50.039984 41.231056 44.721360 20.099751 38.897301 30.463092 64.031242 39.623226 18.601075 43.600459 53.814496 39.204592 45.011110 61.057350 48.383882 39.000000 4.242641 0.000000 5.099020 34.525353 38.483763 45.607017 35.014283 33.734256 24.186773 42.000000 28.653098 45.793013 58.728187 58.591808 56.222771 14.212670 51.662365 52.354560 74.330344 50.009999 22.472205 16.155494 16.763055 9.000000 
44 31.890437 6.708204 21.189620 26.476405 33.120990 39.012818 22.671568 46.010868 46.872167 41.231056 52.773099 60.307545 37.215588 48.703183 59.665736 46.270941 17.720045 30.232433 37.656341 54.378304 50.249378 28.635642 11.661904 10.295630 25.632011 45.011110 36.796739 41.785165 19.235384 36.674242 27.892651 58.940648 34.525353 14.142136 39.962482 49.819675 39.051248 44.181444 56.302753 43.324358 34.014703 4.472136 5.099020 0.000000 29.427878 35.735137 41.880783 34.234486 32.062439 19.416488 37.013511 23.853721 42.485292 54.451814 55.542776 51.351728 11.661904 49.648766 47.507894 70.292247 50.289164 23.853721 14.035669 11.704700 14.035669 
45 20.615528 26.019224 26.627054 3.000000 27.294688 44.045431 18.439089 29.068884 34.132096 12.083046 26.172505 38.013156 14.317821 43.011626 41.976184 47.507894 12.000000 12.649111 14.422205 41.000000 56.400355 41.880783 35.355339 22.360680 14.866069 16.492423 20.099751 36.769553 34.928498 38.013156 31.112698 29.732137 5.099020 19.646883 30.083218 34.058773 50.328918 51.088159 31.622777 15.000000 9.219544 32.280025 34.525353 29.427878 0.000000 34.132096 30.594117 43.931765 38.183766 13.453624 10.000000 12.041595 34.481879 35.171011 46.529560 24.596748 27.459060 48.754487 22.472205 51.546096 61.522354 44.598206 29.410882 18.027756 43.416587 
46 14.142136 29.120440 14.560220 32.649655 7.071068 11.180340 17.464249 20.000000 15.811388 37.643060 37.363083 35.355339 25.806976 13.000000 29.546573 13.416408 29.614186 22.022716 48.548944 21.633308 22.627417 18.027756 29.410882 39.051248 44.922155 47.381431 18.357560 6.403124 20.518285 4.472136 8.062258 49.769469 36.235342 24.020824 10.000000 20.615528 20.396078 18.027756 36.124784 36.055513 28.284271 40.162171 38.483763 35.735137 34.132096 0.000000 12.041595 15.000000 9.219544 38.832976 43.600459 22.847319 8.944272 27.459060 20.248457 56.568542 44.283180 15.297059 31.622777 39.446166 29.529646 27.784888 22.360680 30.000000 43.011626 
47 11.180340 35.227830 21.931712 30.149627 9.219544 22.360680 19.697716 8.062258 5.000000 30.232433 26.400758 23.345235 18.357560 13.038405 18.601075 21.095023 30.594117 18.110770 44.271887 12.529964 31.764760 29.832868 38.288379 42.379240 44.011362 40.496913 10.770330 8.944272 30.528675 16.031220 17.888544 39.446166 31.016125 28.178006 2.236068 8.944272 32.140317 28.460499 24.331050 27.658633 22.472205 46.324939 45.607017 41.880783 30.594117 12.041595 0.000000 27.018512 21.213203 39.204592 38.626416 22.203603 5.000000 15.524175 16.031220 49.648766 48.104054 20.518285 21.095023 29.068884 40.162171 39.000000 30.413813 33.241540 51.623638 
48 26.925824 28.861739 17.804494 41.725292 20.615528 7.071068 25.495098 35.000000 30.413813 50.119856 51.971146 50.249378 39.000000 23.323808 43.680659 15.000000 35.805028 33.615473 57.982756 35.114100 16.031220 6.324555 24.083189 41.109610 51.312766 59.076222 32.280025 19.646883 15.033296 11.180340 13.038405 63.890531 47.201695 27.784888 25.000000 35.355339 6.403124 10.000000 51.088159 49.244289 40.311289 38.052595 35.014283 34.234486 43.931765 15.000000 27.018512 0.000000 6.324555 44.418465 53.907328 31.890437 23.345235 42.296572 31.064449 68.007353 45.122057 19.209373 46.097722 52.924474 17.804494 16.643317 20.615528 33.541020 36.400549 
49 20.615528 26.019224 13.000000 36.124784 14.317821 7.071068 19.849433 29.068884 25.000000 43.908997 45.705580 44.553339 32.695565 19.798990 38.626416 14.317821 30.886890 27.459060 52.402290 30.413813 19.313208 8.944272 23.409400 37.656341 46.529560 53.009433 25.961510 14.764823 13.928388 6.403124 7.071068 57.567352 41.231056 23.409400 19.104973 29.832868 12.529964 13.416408 45.011110 42.953463 34.132096 36.221541 33.734256 32.062439 38.183766 9.219544 21.213203 6.324555 0.000000 39.812058 48.104054 26.172505 18.027756 36.674242 27.586228 62.008064 42.190046 18.027756 39.812058 48.301139 23.345235 19.209373 18.027756 29.410882 36.674242 
50 28.071338 18.867962 26.832816 11.401754 33.136083 46.615448 21.377558 39.849718 43.566042 25.238859 39.597980 50.774009 26.419690 50.089919 53.488316 51.923020 9.219544 21.840330 18.248288 50.990195 59.093147 40.607881 28.653098 10.049876 7.071068 26.476405 30.083218 43.185646 31.827661 41.761226 33.241540 42.485292 18.027756 16.643317 38.052595 44.643029 50.477718 53.225934 44.821870 28.425341 21.633308 21.000000 24.186773 19.416488 13.453624 38.832976 39.204592 44.418465 39.812058 0.000000 18.248288 17.029386 42.000000 47.010637 55.081757 32.062439 14.317821 54.129474 35.608988 63.560994 62.128898 40.000000 25.455844 11.313708 33.136083 
51 29.681644 34.713110 36.619667 12.529964 36.619667 53.814496 28.425341 35.510562 41.484937 11.401754 26.925824 41.000000 20.615528 51.478151 47.010637 56.859476 20.880613 21.633308 6.000000 47.675990 66.068147 51.865210 44.384682 28.284271 15.264338 8.246211 27.856777 45.650849 44.721360 47.634021 41.036569 25.612497 7.615773 29.154759 38.483763 40.447497 60.307545 60.876925 33.526109 15.524175 16.155494 39.115214 42.000000 37.013511 10.000000 43.600459 38.626416 53.907328 48.104054 18.248288 0.000000 22.022716 42.953463 40.012498 54.120237 14.866069 32.280025 57.801384 25.317978 55.578773 71.449283 54.230987 39.000000 26.476405 51.000000 
52 11.045361 18.384776 14.764823 10.000000 16.492423 32.202484 6.403124 23.706539 26.683328 20.223748 29.154759 36.769553 13.416408 33.241540 37.589892 36.249138 8.544004 6.403124 26.248809 34.205263 44.654227 30.016662 26.172505 21.095023 22.360680 27.730849 13.892444 26.476405 23.769729 26.419690 19.104973 37.054015 15.652476 10.440307 21.023796 28.231188 38.288379 39.204592 32.449961 21.023796 11.045361 27.802878 28.653098 23.853721 12.041595 22.847319 22.203603 31.890437 26.172505 17.029386 22.022716 0.000000 25.019992 31.622777 38.052595 36.359318 26.925824 37.947332 23.706539 48.020829 49.497475 33.734256 19.026298 12.727922 36.769553 
53 14.142136 35.777088 21.633308 33.734256 9.486833 18.027756 21.377558 12.649111 7.071068 35.000000 31.304952 27.018512 23.021729 8.544004 20.615528 16.124515 33.060551 21.840330 48.466483 12.806248 26.832816 26.925824 37.536649 44.147480 47.265209 45.221676 15.264338 4.123106 29.068884 12.165525 16.278821 44.418465 35.341194 29.410882 4.472136 12.041595 28.000000 23.769729 28.861739 32.557641 26.832816 46.957428 45.793013 42.485292 34.481879 8.944272 5.000000 23.345235 18.027756 42.000000 42.953463 25.019992 0.000000 19.026298 13.341664 54.405882 49.729267 15.556349 26.076810 30.528675 35.440090 36.715120 30.000000 34.928498 51.088159 
54 22.671568 48.104054 36.359318 36.055513 24.166092 37.000000 31.827661 8.602325 12.000000 29.068884 17.492856 8.000000 20.880613 23.086793 7.000000 33.734256 39.962482 25.553865 46.010868 11.401754 44.384682 45.354162 52.697249 52.697249 50.000000 38.639358 17.804494 23.000000 45.617979 31.144823 33.241540 30.610456 33.241540 40.311289 17.720045 7.000000 47.010637 42.296572 12.041595 25.179357 25.961510 58.728187 58.728187 54.451814 35.171011 27.459060 15.524175 42.296572 36.674242 47.010637 40.012498 31.622777 19.026298 0.000000 20.000000 46.840154 58.523500 31.622777 15.297059 16.552945 53.758720 54.424259 44.654227 44.204072 65.604878 
55 27.018512 48.846699 34.438351 46.173586 22.803509 24.186773 34.713110 19.235384 12.649111 44.777226 36.796739 26.832816 33.526109 7.810250 16.763055 17.720045 46.270941 34.132096 59.908263 8.602325 27.018512 36.235342 49.648766 57.489129 60.033324 55.036352 26.476405 13.892444 40.607881 21.213203 28.301943 50.209561 46.572524 42.720019 17.029386 15.000000 33.615473 26.925824 32.015621 41.593269 38.078866 60.008333 58.591808 55.542776 46.529560 20.248457 16.031220 31.064449 27.586228 55.081757 54.120237 38.052595 13.341664 20.000000 0.000000 63.953108 63.063460 14.142136 33.015148 23.194827 37.121422 46.754679 42.544095 48.270074 63.245553 
56 42.426407 49.477268 51.107729 27.313001 49.497475 67.268120 42.720019 44.721360 51.478151 19.416488 30.265492 45.276926 31.400637 62.681736 53.600373 69.426220 35.735137 34.713110 14.035669 56.462377 79.195959 66.370174 59.203040 42.011903 27.166155 9.219544 39.204592 57.628118 59.506302 60.827625 55.000000 21.840330 20.808652 44.011362 50.000000 49.244289 74.404301 74.330344 37.215588 22.360680 28.284271 53.037722 56.222771 51.351728 24.596748 56.568542 49.648766 68.007353 62.008064 32.062439 14.866069 36.359318 54.405882 46.840154 63.953108 0.000000 45.177428 69.814039 31.622777 60.299254 85.276022 69.079664 53.851648 41.231056 65.192024 
57 37.161808 16.278821 30.016662 25.000000 40.261644 49.254441 28.460499 50.606324 52.924474 39.446166 53.263496 63.253458 38.948684 56.885851 64.498062 56.008928 18.601075 33.015148 31.144823 60.539243 61.000000 39.849718 23.323808 5.830952 18.027756 40.521599 40.816663 49.819675 30.364453 46.010868 37.013511 56.797887 32.249031 20.396078 46.486557 55.009090 50.289164 54.918121 57.982756 42.438190 34.655447 10.000000 14.212670 11.661904 27.459060 44.283180 48.104054 45.122057 42.190046 14.317821 32.280025 26.925824 49.729267 58.523500 63.063460 45.177428 0.000000 59.033889 48.795492 74.946648 61.684682 35.510562 24.515301 14.866069 21.931712 
58 28.178006 43.289722 29.017236 47.539457 21.540659 12.206556 32.756679 27.459060 20.591260 50.447993 46.324939 39.293765 38.418745 8.544004 30.149627 4.242641 44.911023 36.235342 63.063460 21.213203 13.038405 25.238859 41.436699 54.009258 60.166436 60.605280 30.610456 12.206556 31.953091 13.038405 22.022716 59.640590 50.249378 39.051248 19.849433 25.079872 20.248457 13.000000 42.953463 48.104054 41.880783 53.935146 51.662365 49.648766 48.754487 15.297059 20.518285 19.209373 18.027756 54.129474 57.801384 37.947332 15.556349 31.622777 14.142136 69.814039 59.033889 0.000000 41.400483 37.336309 23.021729 35.805028 35.693137 45.099889 54.626001 
59 20.000000 42.047592 34.234486 24.207437 25.495098 42.720019 26.925824 14.142136 21.213203 14.035669 6.000000 15.811388 10.295630 33.301652 22.203603 42.190046 30.610456 17.464249 31.256999 25.059928 52.839379 47.169906 49.040799 43.185646 37.121422 23.345235 14.035669 30.016662 44.283180 36.055513 34.132096 18.357560 19.313208 34.014703 22.360680 18.027756 51.923020 49.244289 9.219544 10.000000 14.142136 51.312766 52.354560 47.507894 22.472205 31.622777 21.095023 46.097722 39.812058 35.608988 25.317978 23.706539 26.076810 15.297059 33.015148 31.622777 48.795492 41.400483 0.000000 30.265492 60.926185 54.147945 41.231056 36.055513 60.415230 
60 38.418745 63.780875 50.990195 52.554733 38.288379 46.486557 47.634021 24.413111 24.207437 44.283180 30.066593 15.033296 37.336309 30.083218 10.630146 40.792156 56.435804 42.059482 61.522354 17.888544 50.159745 57.245087 67.357256 69.115845 66.407831 53.000000 34.132096 33.541020 59.405387 42.047592 46.615448 40.804412 49.244289 56.222771 31.240999 20.518285 56.320511 50.009999 23.086793 40.199502 42.379240 74.652528 74.330344 70.292247 51.546096 39.446166 29.068884 52.924474 48.301139 63.560994 55.578773 48.020829 30.528675 16.552945 23.194827 60.299254 74.946648 37.336309 30.265492 0.000000 60.299254 67.230945 59.464275 60.464866 80.659779 
61 43.266615 45.694639 35.608988 59.413803 36.359318 18.357560 43.139309 48.083261 41.976184 66.850580 66.483081 61.660360 55.226805 31.064449 53.037722 20.099751 53.600373 50.606324 75.690158 44.045431 10.198039 21.931712 39.051248 58.180753 69.065187 76.216796 47.885280 31.320920 31.384710 25.059928 30.413813 79.202273 64.536811 45.486262 38.626416 46.872167 11.661904 11.704700 64.288413 65.513357 57.201399 53.600373 50.009999 50.289164 61.522354 29.529646 40.162171 17.804494 23.345235 62.128898 71.449283 49.497475 35.440090 53.758720 37.121422 85.276022 61.684682 23.021729 60.926185 60.299254 0.000000 28.071338 37.576588 51.107729 49.010203 
