#

param c:
    1  2  3  4  5  6  7  8  9 10 11 12 13 14 15 16 17 18 19 20 21 22 23 24 25 26 27 28 29 30 31 32 33 34 35 36 37 38 39 40 41 42 43 44 45 :=
 1 0.000000 98.081599 20.000000 69.426220 32.557641 76.236474 42.520583 32.802439 38.626416 38.209946 65.115282 77.665951 22.000000 26.076810 63.150614 72.111026 39.597980 62.609903 25.455844 95.351980 43.863424 32.310989 74.027022 73.348483 58.309519 71.693793 26.076810 86.162637 58.821765 94.254973 90.022219 88.294960 24.738634 74.726167 25.059928 18.439089 95.351980 94.593869 42.941821 18.439089 33.526109 96.602277 77.252832 91.607860 69.079664 
 2 98.081599 0.000000 94.339811 89.442719 88.090862 43.081318 91.934759 72.443081 59.464275 61.773781 35.608988 82.873397 107.703296 72.801099 54.918121 26.000000 64.280635 36.496575 75.709973 50.039984 62.032250 77.201036 36.715120 26.076810 67.675697 26.683328 84.876381 67.082039 100.439036 62.032250 32.062439 54.332311 73.539105 57.584720 83.761566 83.186537 50.039984 12.000000 55.785303 83.186537 82.024387 78.230429 20.880613 89.822046 66.211781 
 3 20.000000 94.339811 0.000000 50.000000 13.416408 64.776539 22.627417 42.755117 38.418745 32.802439 59.059292 59.059292 13.416408 31.622777 50.159745 68.818602 46.818800 62.225397 34.525353 82.000000 51.264022 18.439089 64.560050 72.249567 42.426407 69.656299 10.198039 69.856997 38.832976 78.917679 80.049984 74.108029 25.059928 60.133186 10.770330 13.416408 82.000000 88.566359 44.407207 13.416408 48.041649 79.120162 74.404301 72.718636 52.952809 
 4 69.426220 89.442719 50.000000 0.000000 36.878178 46.647615 27.784888 78.790862 62.096699 51.923020 59.228372 12.165525 57.271284 67.082039 35.440090 71.805292 77.794601 74.108029 72.470684 51.613952 81.043198 40.496913 52.801515 79.246451 24.083189 75.312682 43.863424 31.304952 18.110770 42.047592 61.220911 42.801869 59.059292 32.802439 45.343136 54.037024 51.613952 78.892332 67.468511 54.037024 88.588938 34.058773 76.655072 23.409400 23.323808 
 5 32.557641 88.090862 13.416408 36.878178 0.000000 54.405882 10.770330 48.166378 37.947332 29.529646 52.497619 45.650849 24.000000 36.055513 39.293765 63.655322 50.159745 59.363288 40.447497 70.256672 54.332311 11.661904 55.461698 68.410526 30.000000 65.299311 8.246211 56.885851 27.856777 66.272166 70.228199 62.032250 28.000000 48.041649 10.198039 18.973666 70.256672 80.993827 44.271887 18.973666 55.785303 65.787537 69.310894 59.363288 40.199502 
 6 76.236474 43.081318 64.776539 46.647615 54.405882 0.000000 54.589376 64.498062 44.721360 39.293765 21.633308 39.849718 77.665951 57.584720 15.231546 31.048349 58.821765 39.446166 62.769419 20.591260 59.665736 46.389654 8.246211 39.293765 27.202941 35.440090 54.589376 26.305893 59.396970 26.076810 16.124515 17.204651 53.366656 14.560220 54.332311 58.034473 20.591260 32.249031 46.043458 58.034473 76.157731 39.293765 34.234486 48.041649 23.323808 
 7 42.520583 91.934759 22.627417 27.784888 10.770330 54.589376 0.000000 58.549125 46.690470 37.363083 56.850682 37.947332 29.732137 46.389654 39.446166 68.818602 60.000000 66.211781 50.990195 67.911707 64.031242 20.099751 57.201399 74.431176 27.856777 71.021124 18.973666 52.000000 17.088007 62.128898 70.710678 59.228372 38.209946 45.607017 20.880613 29.732137 67.911707 83.737686 52.952809 29.732137 66.483081 59.228372 74.404301 50.990195 36.496575 
 8 32.802439 72.443081 42.755117 78.790862 48.166378 64.498062 58.549125 0.000000 20.000000 28.425341 46.173586 82.680106 52.000000 12.165525 56.639209 48.041649 8.246211 36.055513 8.246211 85.088190 11.661904 39.293765 59.093147 46.389654 58.821765 46.043458 40.049969 83.450584 75.312682 88.408144 74.000000 80.448741 20.396078 69.426220 38.052595 30.066593 85.088190 72.111026 18.973666 30.066593 11.661904 96.208108 52.038447 96.519428 68.117545 
 9 38.626416 59.464275 38.418745 62.096699 37.947332 44.721360 46.690470 20.000000 0.000000 10.198039 28.071338 64.404969 50.911688 14.000000 36.769553 33.526109 16.124515 24.413111 18.439089 65.299311 18.973666 26.683328 39.849718 34.985711 40.249224 33.105891 31.304952 63.655322 62.032250 68.410526 55.317267 60.464866 14.422205 49.517674 29.529646 25.455844 65.299311 56.568542 6.324555 25.455844 31.622777 76.576759 38.626416 77.897368 48.826222 
10 38.209946 61.773781 32.802439 51.923020 29.529646 39.293765 37.363083 28.425341 10.198039 0.000000 27.202941 54.589376 46.043458 18.867962 28.844410 36.055513 26.000000 30.000000 24.413111 59.464275 29.120440 17.888544 36.055513 39.597980 30.528675 36.878178 24.083189 55.317267 52.153619 61.057350 52.038447 53.665631 14.142136 41.617304 22.627417 21.540659 59.464275 56.920998 16.000000 21.540659 39.597980 67.882251 41.617304 68.264193 39.698866 
11 65.115282 35.608988 59.059292 59.228372 52.497619 21.633308 56.850682 46.173586 28.071338 27.202941 0.000000 56.000000 72.470684 42.047592 24.083189 12.649111 39.395431 17.888544 46.389654 41.036569 39.446166 41.617304 14.142136 20.099751 35.440090 16.124515 49.396356 46.818800 67.082039 47.707442 27.856777 38.832976 40.447497 32.984845 48.373546 48.703183 41.036569 29.732137 27.202941 48.703183 57.584720 60.166436 17.888544 66.753277 38.000000 
12 77.665951 82.873397 59.059292 12.165525 45.650849 39.849718 37.947332 82.680106 64.404969 54.589376 56.000000 0.000000 67.675697 71.610055 32.062439 68.117545 80.498447 72.443081 77.201036 41.036569 83.258633 46.690470 47.074409 76.026311 24.166092 72.027772 51.613952 20.000000 30.265492 30.528675 52.839379 32.557641 64.031242 25.298221 52.801515 60.959003 41.036569 71.693793 69.079664 60.959003 93.230896 22.000000 72.443081 14.142136 18.000000 
13 22.000000 107.703296 13.416408 57.271284 24.000000 77.665951 29.732137 52.000000 50.911688 46.043458 72.470684 67.675697 0.000000 42.190046 62.801274 82.097503 57.306195 75.073298 43.863424 94.191295 61.773781 31.622777 77.794601 85.276022 54.000000 82.800966 23.409400 80.622577 42.801869 90.199778 93.145048 86.023253 36.878178 72.027772 24.166092 25.455844 94.191295 101.980390 56.639209 25.455844 54.918121 88.769364 87.658428 80.622577 64.124878 
14 26.076810 72.801099 31.622777 67.082039 36.055513 57.584720 46.389654 12.165525 14.000000 18.867962 42.047592 71.610055 42.190046 0.000000 47.707442 47.074409 15.231546 36.769553 5.656854 78.000000 19.697716 27.202941 53.366656 47.539457 48.166378 46.173586 28.000000 74.027022 63.150614 79.924965 69.050706 72.470684 8.246211 60.464866 26.000000 18.439089 78.000000 70.455660 17.088007 18.439089 21.633308 86.371292 51.923020 85.603738 58.000000 
15 63.150614 54.918121 50.159745 35.440090 39.293765 15.231546 39.446166 56.639209 36.769553 28.844410 24.083189 32.062439 62.801274 47.707442 0.000000 36.496575 52.497619 40.447497 53.254108 32.249031 54.405882 32.000000 18.439089 44.181444 12.806248 40.199502 40.049969 26.907248 45.607017 32.249031 31.304952 25.298221 42.047592 12.806248 40.000000 44.721360 32.249031 45.343136 40.000000 44.721360 68.117545 40.000000 41.231056 43.680659 14.142136 
16 72.111026 26.000000 68.818602 71.805292 63.655322 31.048349 68.818602 48.041649 33.526109 36.055513 12.649111 68.117545 82.097503 47.074409 36.496575 0.000000 40.199502 12.649111 50.358713 47.707442 38.832976 52.345009 22.803509 8.246211 48.083261 4.472136 59.665736 57.271284 79.624117 56.462377 31.112698 47.539457 47.539457 44.181444 58.412327 57.306195 47.707442 24.083189 30.265492 57.306195 58.549125 70.342022 5.656854 78.230429 50.159745 
17 39.597980 64.280635 46.818800 77.794601 50.159745 58.821765 60.000000 8.246211 16.124515 26.000000 39.395431 80.498447 57.306195 15.231546 52.497619 40.199502 0.000000 28.000000 14.142136 79.322128 4.472136 40.049969 52.839379 38.209946 56.356011 38.000000 42.426407 79.397733 76.236474 83.546394 67.230945 75.286121 22.360680 65.115282 40.447497 33.526109 79.322128 64.280635 12.806248 33.526109 18.439089 92.455395 44.000000 94.021274 64.899923 
18 62.609903 36.496575 62.225397 74.108029 59.363288 39.446166 66.211781 36.055513 24.413111 30.000000 17.888544 72.443081 75.073298 36.769553 40.447497 12.649111 28.000000 0.000000 39.293765 58.137767 26.305893 47.707442 31.622777 10.770330 50.039984 10.000000 54.037024 64.621978 79.120162 65.513357 42.801869 56.603887 38.832976 50.596443 52.497619 49.678969 58.137767 36.496575 19.697716 49.678969 46.173586 78.000000 16.000000 83.952367 54.589376 
19 25.455844 75.709973 34.525353 72.470684 40.447497 62.769419 50.990195 8.246211 18.439089 24.413111 46.389654 77.201036 43.863424 5.656854 53.254108 50.358713 14.142136 39.293765 0.000000 83.258633 18.439089 32.310989 58.240879 50.000000 53.814496 49.030603 32.249031 79.649231 67.911707 85.440037 73.756356 77.897368 13.416408 66.030296 30.265492 22.000000 83.258633 74.108029 20.099751 22.000000 16.124515 92.021737 54.918121 91.214034 63.655322 
20 95.351980 50.039984 82.000000 51.613952 70.256672 20.591260 67.911707 85.088190 65.299311 59.464275 41.036569 41.036569 94.191295 78.000000 32.249031 47.707442 79.322128 58.137767 83.258633 0.000000 80.000000 64.124878 26.907248 55.569776 40.447497 52.153619 72.027772 21.260292 68.000000 12.649111 18.439089 8.944272 73.375745 22.360680 72.111026 76.941536 0.000000 38.052595 66.573268 76.941536 96.747093 29.120440 49.193496 42.941821 31.622777 
21 43.863424 62.032250 51.264022 81.043198 54.332311 59.665736 64.031242 11.661904 18.973666 29.120440 39.446166 83.258633 61.773781 19.697716 54.405882 38.832976 4.472136 26.305893 18.439089 80.000000 0.000000 44.000000 53.254108 36.000000 59.093147 36.221541 46.690470 81.215762 80.099938 84.852814 67.082039 76.419893 26.683328 66.843100 44.721360 37.947332 80.000000 62.801274 14.422205 37.947332 20.000000 94.403390 42.190046 96.602277 67.230945 
22 32.310989 77.201036 18.439089 40.496913 11.661904 46.389654 20.099751 39.293765 26.683328 17.888544 41.617304 46.690470 31.622777 27.202941 32.000000 52.345009 40.049969 47.707442 32.310989 64.124878 44.000000 0.000000 46.173586 56.850682 26.000000 53.814496 8.246211 53.851648 36.221541 62.096699 61.611687 56.568542 18.973666 42.755117 8.000000 14.422205 64.124878 70.710678 32.984845 14.422205 48.332184 64.498062 58.000000 60.827625 36.769553 
23 74.027022 36.715120 64.560050 52.801515 55.461698 8.246211 57.201399 59.093147 39.849718 36.055513 14.142136 47.074409 77.794601 53.366656 18.439089 22.803509 52.839379 31.622777 58.240879 26.907248 53.254108 46.173586 0.000000 31.048349 31.240999 27.202941 54.405882 34.525353 64.031242 34.000000 16.000000 25.059928 50.159745 22.090722 53.851648 56.320511 26.907248 26.907248 40.249224 56.320511 70.682388 47.539457 26.076810 56.000000 29.732137 
24 73.348483 26.076810 72.249567 79.246451 68.410526 39.293765 74.431176 46.389654 34.985711 39.597980 20.099751 76.026311 85.276022 47.539457 44.181444 8.246211 38.209946 10.770330 50.000000 55.569776 36.000000 56.850682 31.048349 0.000000 55.317267 4.000000 63.655322 65.513357 86.162637 64.621978 38.418745 55.713553 49.396356 52.345009 62.225397 60.000000 55.569776 27.856777 30.463092 60.000000 56.000000 78.587531 7.211103 86.371292 58.034473 
25 58.309519 67.675697 42.426407 24.083189 30.000000 27.202941 27.856777 58.821765 40.249224 30.528675 35.440090 24.166092 54.000000 48.166378 12.806248 48.083261 56.356011 50.039984 53.814496 40.447497 59.093147 26.000000 31.240999 55.317267 0.000000 51.419841 32.984845 27.856777 32.802439 36.496575 43.266615 32.062439 41.036569 18.110770 33.526109 40.249224 40.447497 58.137767 44.944410 40.249224 69.656299 38.832976 53.141321 37.735925 10.770330 
26 71.693793 26.683328 69.656299 75.312682 65.299311 35.440090 71.021124 46.043458 33.105891 36.878178 16.124515 72.027772 82.800966 46.173586 40.199502 4.472136 38.000000 10.000000 49.030603 52.153619 36.221541 53.814496 27.202941 4.000000 51.419841 0.000000 60.827625 61.611687 82.462113 60.926185 35.383612 52.000000 47.413078 48.373546 59.464275 57.688820 52.153619 26.683328 29.120440 57.688820 56.142675 74.726167 6.000000 82.389320 54.037024 
27 26.076810 84.876381 10.198039 43.863424 8.246211 54.589376 18.973666 40.049969 31.304952 24.083189 49.396356 51.613952 23.409400 28.000000 40.049969 59.665736 42.426407 54.037024 32.249031 72.027772 46.690470 8.246211 54.405882 63.655322 32.984845 60.827625 0.000000 60.728906 36.055513 69.426220 69.856997 64.280635 20.099751 50.358713 2.000000 10.770330 72.027772 78.714675 37.576588 10.770330 47.539457 70.682388 65.299311 65.604878 43.680659 
28 86.162637 67.082039 69.856997 31.304952 56.885851 26.305893 52.000000 83.450584 63.655322 55.317267 46.818800 20.000000 80.622577 74.027022 26.907248 57.271284 79.397733 64.621978 79.649231 21.260292 81.215762 53.851648 34.525353 65.513357 27.856777 61.611687 60.728906 0.000000 48.703183 10.770330 35.440090 13.416408 67.675697 14.422205 61.351447 68.029405 21.260292 55.317267 66.843100 68.029405 94.847246 13.416408 60.530984 22.803509 17.088007 
29 58.821765 100.439036 38.832976 18.110770 27.856777 59.396970 17.088007 75.312682 62.032250 52.153619 67.082039 30.265492 42.801869 63.150614 45.607017 79.624117 76.236474 79.120162 67.911707 68.000000 80.099938 36.221541 64.031242 86.162637 32.802439 82.462113 36.055513 48.703183 0.000000 59.464275 75.073298 59.059292 54.918121 47.201695 37.947332 46.818800 68.000000 90.906545 68.117545 46.818800 83.522452 52.153619 84.970583 40.447497 37.202150 
30 94.254973 62.032250 78.917679 42.047592 66.272166 26.076810 62.128898 88.408144 68.410526 61.057350 47.707442 30.528675 90.199778 79.924965 32.249031 56.462377 83.546394 65.513357 85.440037 12.649111 84.852814 62.096699 34.000000 64.621978 36.496575 60.926185 69.426220 10.770330 59.464275 0.000000 30.000000 8.944272 74.242845 19.697716 69.856997 75.894664 12.649111 50.039984 70.767224 75.894664 100.000000 16.492423 58.821765 30.528675 26.076810 
31 90.022219 32.062439 80.049984 61.220911 70.228199 16.124515 70.710678 74.000000 55.317267 52.038447 27.856777 52.839379 93.145048 69.050706 31.304952 31.112698 67.230945 42.801869 73.756356 18.439089 67.082039 61.611687 16.000000 38.418745 43.266615 35.383612 69.856997 35.440090 75.073298 30.000000 0.000000 22.360680 66.121101 28.425341 69.426220 72.249567 18.439089 20.099751 55.027266 72.249567 85.440037 46.173586 31.622777 58.240879 38.209946 
32 88.294960 54.332311 74.108029 42.801869 62.032250 17.204651 59.228372 80.448741 60.464866 53.665631 38.832976 32.557641 86.023253 72.470684 25.298221 47.539457 75.286121 56.603887 77.897368 8.944272 76.419893 56.568542 25.059928 55.713553 32.062439 52.000000 64.280635 13.416408 59.059292 8.944272 22.360680 0.000000 67.230945 14.000000 64.498062 69.856997 8.944272 42.426407 62.481997 69.856997 92.086915 24.000000 50.000000 36.055513 22.803509 
33 24.738634 73.539105 25.059928 59.059292 28.000000 53.366656 38.209946 20.396078 14.422205 14.142136 40.447497 64.031242 36.878178 8.246211 42.047592 47.539457 22.360680 38.832976 13.416408 73.375745 26.683328 18.973666 50.159745 49.396356 41.036569 47.413078 20.099751 67.675697 54.918121 74.242845 66.121101 67.230945 0.000000 54.589376 18.110770 11.661904 73.375745 69.856997 19.798990 11.661904 29.529646 79.649231 52.801515 78.102497 51.224994 
34 74.726167 57.584720 60.133186 32.802439 48.041649 14.560220 45.607017 69.426220 49.517674 41.617304 32.984845 25.298221 72.027772 60.464866 12.806248 44.181444 65.115282 50.596443 66.030296 22.360680 66.843100 42.755117 22.090722 52.345009 18.110770 48.373546 50.358713 14.422205 47.201695 19.697716 28.425341 14.000000 54.589376 0.000000 50.635956 56.320511 22.360680 46.518813 52.497619 56.320511 80.919713 27.784888 48.000000 34.058773 10.000000 
35 25.059928 83.761566 10.770330 45.343136 10.198039 54.332311 20.880613 38.052595 29.529646 22.627417 48.373546 52.801515 24.166092 26.000000 40.000000 58.412327 40.447497 52.497619 30.265492 72.111026 44.721360 8.000000 53.851648 62.225397 33.526109 59.464275 2.000000 61.351447 37.947332 69.856997 69.426220 64.498062 18.110770 50.635956 0.000000 8.944272 72.111026 77.820306 35.777088 8.944272 45.607017 71.554175 64.031242 66.843100 44.271887 
36 18.439089 83.186537 13.416408 54.037024 18.973666 58.034473 29.732137 30.066593 25.455844 21.540659 48.703183 60.959003 25.455844 18.439089 44.721360 57.306195 33.526109 49.678969 22.000000 76.941536 37.947332 14.422205 56.320511 60.000000 40.249224 57.688820 10.770330 68.029405 46.818800 75.894664 72.249567 69.856997 11.661904 56.320511 8.944272 0.000000 76.941536 78.434686 31.240999 0.000000 36.878178 78.892332 62.769419 75.073298 50.990195 
37 95.351980 50.039984 82.000000 51.613952 70.256672 20.591260 67.911707 85.088190 65.299311 59.464275 41.036569 41.036569 94.191295 78.000000 32.249031 47.707442 79.322128 58.137767 83.258633 0.000000 80.000000 64.124878 26.907248 55.569776 40.447497 52.153619 72.027772 21.260292 68.000000 12.649111 18.439089 8.944272 73.375745 22.360680 72.111026 76.941536 0.000000 38.052595 66.573268 76.941536 96.747093 29.120440 49.193496 42.941821 31.622777 
38 94.593869 12.000000 88.566359 78.892332 80.993827 32.249031 83.737686 72.111026 56.568542 56.920998 29.732137 71.693793 101.980390 70.455660 45.343136 24.083189 64.280635 36.496575 74.108029 38.052595 62.801274 70.710678 26.907248 27.856777 58.137767 26.683328 78.714675 55.317267 90.906545 50.039984 20.099751 42.426407 69.856997 46.518813 77.820306 78.434686 38.052595 0.000000 54.037024 78.434686 82.607506 66.272166 20.880613 78.102497 55.569776 
39 42.941821 55.785303 44.407207 67.468511 44.271887 46.043458 52.952809 18.973666 6.324555 16.000000 27.202941 69.079664 56.639209 17.088007 40.000000 30.265492 12.806248 19.697716 20.099751 66.573268 14.422205 32.984845 40.249224 30.463092 44.944410 29.120440 37.576588 66.843100 68.117545 70.767224 55.027266 62.481997 19.798990 52.497619 35.777088 31.240999 66.573268 54.037024 0.000000 31.240999 30.463092 80.000000 34.928498 82.292162 52.839379 
40 18.439089 83.186537 13.416408 54.037024 18.973666 58.034473 29.732137 30.066593 25.455844 21.540659 48.703183 60.959003 25.455844 18.439089 44.721360 57.306195 33.526109 49.678969 22.000000 76.941536 37.947332 14.422205 56.320511 60.000000 40.249224 57.688820 10.770330 68.029405 46.818800 75.894664 72.249567 69.856997 11.661904 56.320511 8.944272 0.000000 76.941536 78.434686 31.240999 0.000000 36.878178 78.892332 62.769419 75.073298 50.990195 
41 33.526109 82.024387 48.041649 88.588938 55.785303 76.157731 66.483081 11.661904 31.622777 39.597980 57.584720 93.230896 54.918121 21.633308 68.117545 58.549125 18.439089 46.173586 16.124515 96.747093 20.000000 48.332184 70.682388 56.000000 69.656299 56.142675 47.539457 94.847246 83.522452 100.000000 85.440037 92.086915 29.529646 80.919713 45.607017 36.878178 96.747093 82.607506 30.463092 36.878178 0.000000 107.480231 62.128898 107.200746 79.246451 
42 96.602277 78.230429 79.120162 34.058773 65.787537 39.293765 59.228372 96.208108 76.576759 67.882251 60.166436 22.000000 88.769364 86.371292 40.000000 70.342022 92.455395 78.000000 92.021737 29.120440 94.403390 64.498062 47.539457 78.587531 38.832976 74.726167 70.682388 13.416408 52.153619 16.492423 46.173586 24.000000 79.649231 27.784888 71.554175 78.892332 29.120440 66.272166 80.000000 78.892332 107.480231 0.000000 73.348483 15.620499 28.425341 
43 77.252832 20.880613 74.404301 76.655072 69.310894 34.234486 74.404301 52.038447 38.626416 41.617304 17.888544 72.443081 87.658428 51.923020 41.231056 5.656854 44.000000 16.000000 54.918121 49.193496 42.190046 58.000000 26.076810 7.211103 53.141321 6.000000 65.299311 60.530984 84.970583 58.821765 31.622777 50.000000 52.801515 48.000000 64.031242 62.769419 49.193496 20.880613 34.928498 62.769419 62.128898 73.348483 0.000000 82.024387 54.589376 
44 91.607860 89.822046 72.718636 23.409400 59.363288 48.041649 50.990195 96.519428 77.897368 68.264193 66.753277 14.142136 80.622577 85.603738 43.680659 78.230429 94.021274 83.952367 91.214034 42.941821 96.602277 60.827625 56.000000 86.371292 37.735925 82.389320 65.604878 22.803509 40.447497 30.528675 58.240879 36.055513 78.102497 34.058773 66.843100 75.073298 42.941821 78.102497 82.292162 75.073298 107.200746 15.620499 82.024387 0.000000 29.732137 
45 69.079664 66.211781 52.952809 23.323808 40.199502 23.323808 36.496575 68.117545 48.826222 39.698866 38.000000 18.000000 64.124878 58.000000 14.142136 50.159745 64.899923 54.589376 63.655322 31.622777 67.230945 36.769553 29.732137 58.034473 10.770330 54.037024 43.680659 17.088007 37.202150 26.076810 38.209946 22.803509 51.224994 10.000000 44.271887 50.990195 31.622777 55.569776 52.839379 50.990195 79.246451 28.425341 54.589376 29.732137 0.000000 
;

param qq := 100;

param d :=
1 0
2 14
3 1
4 16
5 23
6 12
7 6
8 5
9 1
10 13
11 20
12 14
13 18
14 7
15 8
16 21
17 8
18 24
19 20
20 19
21 13
22 3
23 26
24 17
25 22
26 8
27 16
28 20
29 12
30 22
31 20
32 12
33 14
34 25
35 17
36 19
37 20
38 15
39 2
40 9
41 10
42 6
43 11
44 21
45 24
;