#

param c:
    1  2  3  4  5  6  7  8  9 10 11 12 13 14 15 16 17 18 19 20 21 22 23 24 25 26 27 28 29 30 31 32 33 34 35 36 37 38 39 40 41 42 43 44 45 46 47 48 49 50 51 52 53 54 55 56 57 58 59 60 61 62 63 64 65 66 67 68 69 70 71 72 73 74 75 76 77 78 79 80 81 82 83 84 85 86 87 88 89 90 91 92 93 94 95 96 97 98 99 100 101 102 103 104 105 106 107 108 109 110 111 112 113 114 115 116 117 118 119 120 121 :=
 1 0.000000 46.486557 44.598206 45.177428 45.650849 43.416587 42.190046 43.266615 50.911688 45.486262 45.793013 47.169906 53.758720 50.000000 51.039201 49.396356 74.094534 73.061618 16.643317 76.661594 74.706091 73.348483 79.924965 76.941536 80.777472 79.755878 76.922038 83.354664 81.412530 85.440037 85.088190 84.118963 82.292162 86.954011 86.769810 83.630138 85.866175 76.105190 76.006579 76.006579 75.663730 79.025312 79.006329 79.309520 82.054860 82.298238 84.053554 84.005952 84.053554 86.052310 89.005618 89.140339 80.956779 82.298238 83.192548 85.000000 86.954011 84.581322 87.235314 86.162637 90.824006 90.873539 91.706052 93.941471 93.471921 91.923882 99.282425 46.615448 53.150729 47.169906 48.877398 53.263496 56.850682 52.345009 55.317267 56.850682 53.740115 56.568542 58.728187 60.141500 62.936476 10.000000 5.000000 17.000000 12.206556 9.219544 6.403124 5.830952 3.162278 9.433981 12.529964 11.180340 8.944272 10.049876 12.041595 6.000000 10.000000 15.000000 22.360680 11.180340 13.416408 8.944272 6.708204 14.142136 11.313708 6.403124 7.810250 10.816654 21.633308 24.041631 20.615528 5.830952 10.295630 16.124515 17.000000 20.024984 16.552945 13.416408 18.027756 7.071068 7.071068 
 2 46.486557 0.000000 2.000000 7.211103 8.062258 8.485281 10.630146 12.041595 22.472205 11.661904 10.295630 10.770330 22.561028 15.524175 14.142136 11.180340 48.259714 48.507731 35.014283 51.244512 51.788030 52.392748 53.037722 53.600373 54.037024 54.147945 54.918121 57.035077 57.314920 66.490601 59.033889 59.135438 59.539903 60.000000 62.128898 60.406953 62.289646 72.945185 74.632433 75.802375 80.721744 76.550637 78.236820 81.835200 78.549348 84.202138 80.262071 81.301906 83.486526 81.987804 86.608314 88.752465 98.005102 100.439036 100.000000 103.227903 106.508216 100.424101 105.209315 100.005000 108.600184 105.759160 107.298649 111.211510 109.480592 105.550936 114.978259 82.873397 82.861330 84.593144 86.579443 87.097646 90.470990 84.646323 88.526832 90.470990 85.164547 87.641314 90.520716 89.810912 93.605555 37.161808 41.785165 29.832868 34.928498 38.078866 40.521599 42.201896 43.324358 39.623226 38.209946 39.319207 40.607881 43.289722 43.104524 44.911023 44.283180 44.000000 54.230987 49.254441 50.089919 48.507731 47.853944 54.230987 52.469038 50.219518 50.990195 53.758720 32.140317 37.854986 49.254441 40.804412 36.400549 30.805844 36.000000 45.276926 51.000000 33.241540 34.000000 43.829214 52.924474 
 3 44.598206 2.000000 0.000000 6.324555 7.280110 7.211103 9.219544 10.816654 21.840330 10.770330 9.486833 10.198039 22.203603 15.132746 14.000000 11.000000 48.093659 48.259714 33.015148 51.088159 51.478151 51.971146 53.000000 53.338541 54.000000 54.037024 54.589376 57.000000 57.140179 66.098411 59.000000 59.033889 59.304300 60.033324 62.032250 60.207973 62.128898 71.867934 73.498299 74.632433 79.397733 75.471849 77.103826 80.603970 77.524190 83.006024 79.259069 80.262071 82.377181 81.006173 85.586214 87.664132 96.400207 98.812955 98.407317 101.607086 104.861814 98.858485 103.600193 98.493655 107.004673 104.235311 105.759160 109.635761 107.935166 104.062481 113.454837 80.894994 80.956779 82.607506 84.593144 85.146932 88.526832 82.710338 86.585218 88.526832 83.240615 85.726309 88.600226 87.920419 91.706052 35.341194 39.924930 27.892651 32.984845 36.138622 38.600518 40.261644 41.436699 37.656341 36.221541 37.336309 38.639358 41.303753 41.109610 42.953463 42.296572 42.000000 52.239832 47.265209 48.093659 46.529560 45.891176 52.239832 50.487622 48.270074 49.030603 51.788030 30.149627 35.902646 47.265209 38.897301 34.481879 28.861739 34.000000 43.289722 49.000000 31.320920 32.000000 42.059482 51.078371 
 4 45.177428 7.211103 6.324555 0.000000 1.000000 2.000000 4.123106 5.000000 15.524175 4.472136 3.162278 4.000000 16.031220 9.000000 8.246211 5.385165 42.011903 42.107007 31.780497 45.011110 45.276926 45.705580 47.042534 47.169906 48.041649 48.000000 48.373546 51.039201 51.039201 59.841457 53.037722 53.000000 53.150729 54.147945 56.000000 54.083269 56.035703 65.734314 67.424031 68.600292 73.593478 69.339743 71.028163 74.652528 71.344236 77.006493 73.061618 74.094534 76.275815 74.793048 79.404030 81.541401 91.263355 93.744333 93.230896 96.519428 99.859902 93.600214 98.473347 93.085982 101.833197 98.858485 100.424101 104.403065 102.615788 98.595132 108.074049 78.230429 77.369245 80.099938 82.097503 82.036577 85.328776 79.429214 83.360662 85.328776 79.831072 82.225300 85.146932 84.202138 88.056800 36.619667 40.816663 28.178006 33.105891 36.249138 38.910153 40.311289 42.059482 37.336309 35.440090 36.687873 38.275318 40.521599 40.024992 42.720019 41.484937 40.447497 50.009999 46.324939 46.872167 45.880279 45.541190 51.195703 49.729267 48.104054 48.703183 51.244512 28.160256 33.060551 45.011110 39.357337 34.885527 29.068884 32.557641 41.012193 47.381431 31.764760 30.594117 43.600459 51.971146 
 5 45.650849 8.062258 7.280110 1.000000 0.000000 2.236068 4.000000 4.472136 14.560220 3.605551 2.236068 3.000000 15.033296 8.000000 7.280110 4.472136 41.012193 41.109610 32.015621 44.011362 44.283180 44.721360 46.043458 46.173586 47.042534 47.000000 47.381431 50.039984 50.039984 58.855756 52.038447 52.000000 52.153619 53.150729 55.000000 53.084838 55.036352 64.899923 66.610810 67.801180 72.862885 68.505474 70.213959 73.878278 70.491134 76.216796 72.201108 73.246160 75.451971 73.925638 78.549348 80.709355 90.697299 93.193347 92.655275 95.963535 99.322706 93.005376 97.908120 92.455395 101.257099 98.234414 99.809819 103.812331 102.004902 97.948966 107.447662 78.160092 77.129761 80.056230 82.054860 81.884064 85.158675 79.246451 83.186537 85.158675 79.624117 82.000000 84.929382 83.934498 87.800911 37.202150 41.340053 28.653098 33.541020 36.674242 39.357337 40.718546 42.544095 37.696154 35.735137 37.000000 38.626416 40.804412 40.261644 43.081318 41.761226 40.607881 50.039984 46.572524 47.074409 46.173586 45.880279 51.419841 50.000000 48.466483 49.040799 51.546096 28.284271 33.015148 45.044423 39.824616 35.355339 29.529646 32.756679 41.048752 47.518417 32.249031 30.805844 44.204072 52.478567 
 6 43.416587 8.485281 7.211103 2.000000 2.236068 0.000000 2.236068 3.605551 15.132746 4.000000 3.162278 4.472136 16.031220 9.219544 8.944272 6.403124 42.011903 42.011903 29.832868 45.011110 45.099889 45.398238 47.169906 47.042534 48.166378 48.041649 48.166378 51.156622 51.000000 59.539903 53.150729 53.037722 53.037722 54.332311 56.035703 54.009258 56.000000 64.660653 66.287254 67.424031 72.249567 68.264193 69.892775 73.409809 70.327804 75.802375 72.069411 73.061618 75.166482 73.824115 78.390050 80.454956 89.627005 92.086915 91.607860 94.868330 98.183502 92.005435 96.834911 91.547802 100.209780 97.308787 98.858485 102.800778 101.044545 97.082439 106.526992 76.236474 75.432089 78.102497 80.099938 80.062476 83.360662 77.466122 81.394103 83.360662 77.878110 80.280757 83.198558 82.280010 86.127812 35.000000 39.115214 26.419690 31.304952 34.438351 37.121422 38.483763 40.311289 35.468296 33.526109 34.785054 36.400549 38.600518 38.078866 40.853396 39.560081 38.470768 48.010416 44.384682 44.911023 43.965896 43.657760 49.244289 47.801674 46.238512 46.818800 49.335586 26.172505 31.064449 43.011626 37.589892 33.120990 27.294688 30.594117 39.012818 45.398238 30.016662 28.635642 42.011903 50.249378 
 7 42.190046 10.630146 9.219544 4.123106 4.000000 2.236068 0.000000 2.000000 14.000000 3.605551 3.605551 5.000000 15.297059 8.944272 9.219544 7.211103 41.109610 41.012193 28.160256 44.102154 44.011362 44.181444 46.389654 46.000000 47.381431 47.169906 47.042534 50.358713 50.039984 58.309519 52.345009 52.153619 52.000000 53.600373 55.145263 53.009433 55.036352 62.769419 64.350602 65.459911 70.178344 66.370174 67.955868 71.400280 68.476273 73.817342 70.235319 71.196910 73.246160 72.006944 76.537572 78.549348 87.418534 89.872131 89.403579 92.655275 95.963535 89.810912 94.625578 89.375612 98.005102 95.131488 96.674712 100.603181 98.858485 94.921020 104.350371 74.168727 73.246160 76.059187 78.057671 77.929455 81.215762 75.312682 79.246451 81.215762 75.709973 78.102497 81.024688 80.081209 83.934498 34.058773 38.013156 25.238859 30.016662 33.120990 35.846897 37.121422 39.115214 34.014703 31.953091 33.241540 34.928498 37.000000 36.400549 39.395431 37.947332 36.674242 46.043458 42.720019 43.174066 42.379240 42.154478 47.539457 46.173586 44.777226 45.310043 47.759816 24.331050 29.017236 41.048752 36.359318 31.906112 26.076810 28.861739 37.054015 43.566042 28.844410 26.925824 41.109610 49.091751 
 8 43.266615 12.041595 10.816654 5.000000 4.472136 3.605551 2.000000 0.000000 12.000000 2.236068 3.000000 4.123106 13.341664 7.211103 7.810250 6.324555 39.115214 39.012818 28.792360 42.107007 42.011903 42.190046 44.407207 44.000000 45.398238 45.177428 45.044423 48.373546 48.041649 56.320511 50.358713 50.159745 50.000000 51.623638 53.150729 51.009803 53.037722 61.057350 62.681736 63.820060 68.680419 64.660653 66.287254 69.814039 66.730802 72.201108 68.476273 69.462220 71.561163 70.235319 74.793048 76.850504 86.267027 88.752465 88.232647 91.525953 94.873600 88.600226 93.477270 88.090862 96.834911 93.861600 95.425364 99.403219 97.616597 93.605555 103.077641 74.060786 72.780492 76.006579 78.006410 77.646635 80.894994 74.966659 78.917679 80.894994 75.312682 77.665951 80.603970 79.555012 83.432608 35.383612 39.204592 26.400758 31.064449 34.132096 36.891733 38.078866 40.224371 34.885527 32.695565 34.014703 35.777088 37.696154 37.000000 40.249224 38.626416 37.107951 46.173586 43.324358 43.680659 43.081318 42.953463 48.083261 46.818800 45.617979 46.097722 48.466483 24.738634 29.017236 41.194660 37.443290 33.015148 27.202941 29.410882 37.215588 43.931765 30.000000 27.513633 42.449971 50.219518 
 9 50.911688 22.472205 21.840330 15.524175 14.560220 15.132746 14.000000 12.000000 0.000000 11.180340 12.369317 11.704700 3.162278 7.211103 9.219544 11.661904 27.166155 27.018512 34.828150 30.149627 30.016662 30.265492 32.557641 32.000000 33.541020 33.241540 33.060551 36.496575 36.055513 44.407207 38.470768 38.209946 38.000000 39.812058 41.194660 39.012818 41.048752 51.224994 53.150729 54.488531 60.307545 54.817880 56.727418 60.811183 56.612719 62.968246 58.249464 59.405387 61.846584 59.908263 64.637450 67.007462 80.062476 82.734515 81.884064 85.422479 89.000000 81.987804 87.235314 80.993827 90.426766 86.821656 88.509886 92.784697 90.735880 86.267027 95.963535 74.545288 71.112587 76.791927 78.771822 77.025970 80.000000 74.000000 78.000000 80.000000 74.027022 76.105190 79.101201 77.414469 81.394103 44.407207 47.507894 35.000000 38.948684 41.725292 44.553339 45.276926 48.104054 41.773197 39.051248 40.459857 42.520583 43.600459 42.438190 46.861498 44.407207 41.677332 48.703183 48.548944 48.373546 48.826222 49.203658 52.839379 52.153619 52.009614 52.201533 54.083269 30.000000 31.780497 44.011362 45.276926 41.109610 35.608988 35.000000 40.311289 47.853944 38.418745 33.421550 51.400389 57.982756 
10 45.486262 11.661904 10.770330 4.472136 3.605551 4.000000 3.605551 2.236068 11.180340 0.000000 1.414214 2.000000 12.041595 5.385165 5.656854 4.123106 38.013156 38.013156 31.016125 41.012193 41.109610 41.436699 43.185646 43.046487 44.181444 44.045431 44.181444 47.169906 47.000000 55.578773 49.162994 49.040799 49.040799 50.358713 52.038447 50.009999 52.000000 61.294372 63.007936 64.202804 69.310894 64.899923 66.610810 70.292247 66.887966 72.622311 68.600292 69.641941 71.847060 70.327804 74.946648 77.103826 87.367042 89.888820 89.308454 92.649879 96.041658 89.627005 94.578010 89.022469 97.908120 94.810337 96.400207 100.439036 98.600203 94.493386 104.019229 76.026311 74.525164 78.000000 80.000000 79.511006 82.734515 76.791927 80.752709 82.734515 77.103826 79.429214 82.377181 81.252692 85.146932 37.536649 41.400483 28.600699 33.286634 36.359318 39.115214 40.311289 42.438190 37.121422 34.928498 36.249138 38.013156 39.924930 39.217343 42.485292 40.853396 39.293765 48.259714 45.541190 45.880279 45.310043 45.188494 50.289164 49.040799 47.853944 48.332184 50.695167 26.925824 31.064449 43.289722 39.661064 35.227830 29.410882 31.622777 39.319207 46.097722 32.202484 29.732137 44.598206 52.430907 
11 45.793013 10.295630 9.486833 3.162278 2.236068 3.162278 3.605551 3.000000 12.369317 1.414214 0.000000 1.414214 13.000000 6.082763 5.830952 3.605551 39.000000 39.051248 31.622777 42.000000 42.190046 42.579338 44.102154 44.102154 45.099889 45.011110 45.276926 48.093659 48.010416 56.718604 50.089919 50.009999 50.089919 51.244512 53.009433 51.039201 53.009433 62.681736 64.404969 65.604878 70.724819 66.287254 68.007353 71.700767 68.264193 74.027022 69.971423 71.021124 73.239334 71.693793 76.321688 78.492038 88.752465 91.268834 90.697299 94.031909 97.416631 91.021975 95.963535 90.426766 99.297533 96.213305 97.800818 101.833197 100.000000 95.900991 105.422958 77.058419 75.709973 79.006329 81.006173 80.622577 83.862983 77.929455 81.884064 83.862983 78.262379 80.603970 83.546394 82.462113 86.348133 37.643060 41.617304 28.844410 33.615473 36.715120 39.446166 40.706265 42.720019 37.576588 35.468296 36.769553 38.483763 40.496913 39.849718 42.953463 41.436699 40.024992 49.162994 46.173586 46.572524 45.880279 45.694639 50.960769 49.648766 48.332184 48.846699 51.264022 27.658633 32.015621 44.181444 39.962482 35.510562 29.681644 32.280025 40.199502 46.872167 32.449961 30.364453 44.687806 52.697249 
12 47.169906 10.770330 10.198039 4.000000 3.000000 4.472136 5.000000 4.123106 11.704700 2.000000 1.414214 0.000000 12.041595 5.000000 4.472136 2.236068 38.013156 38.118237 32.893768 41.012193 41.303753 41.773197 43.046487 43.185646 44.045431 44.000000 44.407207 47.042534 47.042534 55.901699 49.040799 49.000000 49.162994 50.159745 52.000000 50.089919 52.038447 62.425956 64.202804 65.436993 70.710678 66.030296 67.801180 71.589105 67.955868 73.878278 69.641941 70.724819 73.006849 71.344236 76.006579 78.236820 89.044932 91.586025 90.972523 94.339811 97.754795 91.263355 96.254870 90.603532 99.569072 96.400207 98.005102 102.078401 100.209780 96.046864 105.603030 78.025637 76.485293 80.000000 82.000000 81.498466 84.717177 78.771822 82.734515 84.717177 79.075913 81.394103 84.344532 83.198558 87.097646 39.051248 43.011626 30.232433 34.985711 38.078866 40.816663 42.059482 44.102154 38.910153 36.769553 38.078866 39.812058 41.785165 41.109610 44.283180 42.720019 41.231056 50.249378 47.434165 47.801674 47.169906 47.010637 52.201533 50.921508 49.658836 50.159745 52.554733 28.861739 33.060551 45.276926 41.340053 36.891733 31.064449 33.526109 41.303753 48.052055 33.837849 31.622777 46.097722 54.083269 
13 53.758720 22.561028 22.203603 16.031220 15.033296 16.031220 15.297059 13.341664 3.162278 12.041595 13.000000 12.041595 0.000000 7.071068 8.544004 11.401754 26.000000 26.076810 37.802116 29.000000 29.274562 29.832868 31.144823 31.144823 32.140317 32.015621 32.388269 35.128336 35.014283 43.931765 37.121422 37.013511 37.121422 38.327536 40.012498 38.052595 40.012498 52.402290 54.451814 55.865911 62.008064 55.973208 58.000000 62.289646 57.628118 64.350602 59.203040 60.440053 63.031738 60.802960 65.604878 68.117545 82.292162 85.000000 84.077345 87.664132 91.285267 84.118963 89.442719 83.006024 92.590496 88.836929 90.553851 94.894678 92.784697 88.204308 97.943861 77.646635 74.060786 79.906195 81.884064 80.056230 83.006024 77.006493 81.006173 83.006024 77.006493 79.056942 82.054860 80.305666 84.291162 47.010637 50.249378 37.643060 41.725292 44.553339 47.381431 48.166378 50.911688 44.687806 42.011903 43.416587 45.453273 46.615448 45.486262 49.819675 47.434165 44.777226 51.865210 51.623638 51.478151 51.865210 52.201533 55.946403 55.226805 55.000000 55.217751 57.140179 33.015148 34.928498 47.169906 48.083261 43.863424 38.288379 38.013156 43.462628 50.990195 41.109610 36.400549 54.037024 60.827625 
14 50.000000 15.524175 15.132746 9.000000 8.000000 9.219544 8.944272 7.211103 7.211103 5.385165 6.082763 5.000000 7.071068 0.000000 2.236068 4.472136 33.015148 33.136083 34.885527 36.013886 36.345564 36.878178 38.052595 38.209946 39.051248 39.000000 39.458839 42.047592 42.047592 50.990195 44.045431 44.000000 44.181444 45.177428 47.000000 45.099889 47.042534 58.412327 60.307545 61.619802 67.268120 62.008064 63.890531 67.896981 63.820060 70.092796 65.459911 66.610810 69.028979 67.119297 71.847060 74.202426 86.452299 89.067390 88.323270 91.787799 95.294281 88.509886 93.648278 87.658428 96.896852 93.477270 95.131488 99.322706 97.349884 93.005376 102.649890 78.057671 75.663730 80.156098 82.152298 81.098705 84.214013 78.230429 82.219219 84.214013 78.409183 80.622577 83.600239 82.200973 86.145226 42.426407 46.097722 33.301652 37.802116 40.804412 43.600459 44.654227 47.010637 41.340053 38.948684 40.311289 42.190046 43.829214 42.953463 46.647615 44.721360 42.720019 50.990195 49.244289 49.396356 49.193496 49.244289 53.851648 52.801515 51.971146 52.354560 54.561891 30.463092 33.734256 46.097722 44.204072 39.824616 34.058773 35.341194 42.201896 49.335586 36.878178 33.541020 49.497475 57.008771 
15 51.039201 14.142136 14.000000 8.246211 7.280110 8.944272 9.219544 7.810250 9.219544 5.656854 5.830952 4.472136 8.544004 2.236068 0.000000 3.000000 34.132096 34.365681 36.249138 37.121422 37.656341 38.327536 39.000000 39.458839 40.000000 40.049969 40.792156 43.000000 43.185646 52.392748 45.000000 45.044423 45.398238 46.043458 48.041649 46.270941 48.166378 60.440053 62.369865 63.702433 69.426220 64.031242 65.946948 70.007142 65.802736 72.180330 67.424031 68.600292 71.063352 69.065187 73.817342 76.216796 88.684835 91.301698 90.553851 94.021274 97.529483 90.735880 95.880134 89.872131 99.126182 95.692215 97.349884 101.548018 99.569072 95.210294 104.861814 80.024996 77.781746 82.097503 84.095184 83.150466 86.284413 80.305666 84.291162 86.284413 80.504658 82.734515 85.708809 84.344532 88.283634 43.185646 47.010637 34.205263 38.832976 41.880783 44.654227 45.793013 48.010416 42.544095 40.249224 41.593269 43.416587 45.188494 44.384682 47.885280 46.097722 44.271887 52.773099 50.695167 50.921508 50.566788 50.537115 55.362442 54.230987 53.235327 53.665631 55.946403 31.953091 35.510562 47.853944 45.221676 40.804412 35.000000 36.769553 43.931765 50.960769 37.802116 34.928498 50.249378 58.008620 
16 49.396356 11.180340 11.000000 5.385165 4.472136 6.403124 7.211103 6.324555 11.661904 4.123106 3.605551 2.236068 11.401754 4.472136 3.000000 0.000000 37.121422 37.336309 35.114100 40.112342 40.607881 41.231056 42.000000 42.426407 43.000000 43.046487 43.737855 46.000000 46.173586 55.317267 48.000000 48.041649 48.373546 49.040799 51.039201 49.254441 51.156622 62.801274 64.660653 65.946948 71.449283 66.400301 68.249542 72.180330 68.242216 74.411021 69.892775 71.028163 73.409809 71.561163 76.275815 78.600254 90.210864 92.784697 92.114060 95.524866 98.979796 92.357999 97.416631 91.607860 100.702532 97.416631 99.045444 103.174609 101.257099 97.005155 106.606754 80.006250 78.262379 82.006097 84.005952 83.384651 86.579443 80.622577 84.593144 86.579443 80.894994 83.186537 86.145226 84.929382 88.842557 41.231056 45.221676 32.449961 37.215588 40.311289 43.046487 44.294469 46.324939 41.146081 39.000000 40.311289 42.047592 44.011362 43.324358 46.518813 44.944410 43.416587 52.345009 49.648766 50.000000 49.396356 49.244289 54.405882 53.141321 51.894123 52.392748 54.781384 31.048349 35.128336 47.381431 43.566042 39.115214 33.286634 35.735137 43.416587 50.219518 36.055513 33.837849 48.270074 56.302753 
17 74.094534 48.259714 48.093659 42.011903 41.012193 42.011903 41.109610 39.115214 27.166155 38.013156 39.000000 38.013156 26.000000 33.015148 34.132096 37.121422 0.000000 2.000000 57.454330 3.000000 5.000000 7.615773 5.830952 5.830952 6.708204 6.082763 7.810250 9.486833 9.055385 19.235384 11.401754 11.045361 11.401754 13.000000 14.035669 12.165525 14.035669 37.336309 40.162171 42.059482 50.447993 40.311289 43.081318 48.703183 40.706265 49.769469 41.677332 43.416587 46.957428 42.720019 47.707442 51.107729 74.672619 77.646635 75.953933 79.906195 83.862983 75.312682 81.215762 73.006849 83.743656 78.587531 80.523289 85.375641 82.710338 77.201036 86.977008 85.000000 77.491935 87.664132 89.470666 85.094066 87.281155 81.596569 85.381497 87.281155 80.956779 82.280010 85.164547 82.225300 86.122006 69.354164 71.589105 60.008333 63.063460 65.368188 68.095521 68.264193 71.693793 64.660653 61.587336 62.968246 65.192024 65.215029 63.600314 69.065187 65.802736 61.846584 65.192024 68.883960 68.014704 69.814039 70.802542 72.180330 72.346389 73.600272 73.409809 74.518454 52.478567 51.224994 61.522354 68.963759 65.299311 60.415230 57.140179 58.728187 66.483081 63.071388 56.080300 76.026311 80.993827 
18 73.061618 48.507731 48.259714 42.107007 41.109610 42.011903 41.012193 39.012818 27.018512 38.013156 39.051248 38.118237 26.076810 33.136083 34.365681 37.336309 2.000000 0.000000 56.435804 3.605551 3.605551 5.830952 7.071068 5.099020 7.810250 6.708204 6.708204 10.295630 9.055385 18.384776 12.083046 11.401754 11.045361 13.892444 14.317821 12.000000 14.035669 35.468296 38.275318 40.162171 48.507731 38.483763 41.231056 46.818800 38.948684 47.927028 39.962482 41.677332 45.177428 41.048752 46.043458 49.396356 72.691127 75.663730 73.979727 77.929455 81.884064 73.348483 79.246451 71.063352 81.786307 76.655072 78.587531 83.432608 80.777472 75.286121 85.070559 83.192548 75.584390 85.866175 87.664132 83.216585 85.381497 79.711982 83.486526 85.381497 79.056942 80.361682 83.240615 80.280757 84.172442 68.541958 70.661163 59.236813 62.169124 64.412732 67.119297 67.230945 70.710678 63.631753 60.539243 61.911227 64.140471 64.070274 62.425956 67.955868 64.637450 60.605280 63.702433 67.623960 66.708320 68.600292 69.634761 70.837843 71.063352 72.422372 72.201108 73.246160 51.478151 50.000000 60.108236 68.000000 64.404969 59.615434 56.080300 57.384667 65.115282 62.241465 55.072679 75.153177 79.924965 
19 16.643317 35.014283 33.015148 31.780497 32.015621 29.832868 28.160256 28.792360 34.828150 31.016125 31.622777 32.893768 37.802116 34.885527 36.249138 35.114100 57.454330 56.435804 0.000000 60.033324 58.137767 56.859476 63.285069 60.373835 64.140471 63.134776 60.415230 66.730802 64.845971 69.260378 68.476273 67.535176 65.795137 70.327804 70.213959 67.119297 69.354164 62.201286 62.513998 62.801274 63.890531 65.375837 65.764732 66.940272 68.264193 69.856997 70.256672 70.455660 71.021124 72.249567 75.663730 76.295478 73.600272 75.432089 75.802375 78.243211 80.808415 76.843998 80.430094 77.698134 84.023806 82.927679 84.053554 87.005747 86.023253 83.528438 91.836812 48.764741 51.107729 50.219518 52.172790 53.851648 57.384667 51.894123 55.542776 57.384667 52.773099 55.470713 58.137767 58.309519 61.773781 14.035669 14.560220 8.485281 7.071068 8.246211 10.770330 10.816654 14.317821 7.211103 4.242641 5.656854 7.810250 8.944272 8.246211 12.041595 9.848858 9.055385 19.924859 14.560220 15.132746 14.317821 14.422205 19.416488 18.027756 17.204651 17.492856 19.697716 5.000000 9.219544 15.231546 11.704700 9.000000 7.810250 1.414214 11.661904 16.031220 8.544004 1.414214 19.416488 23.600847 
20 76.661594 51.244512 51.088159 45.011110 44.011362 45.011110 44.102154 42.107007 30.149627 41.012193 42.000000 41.012193 29.000000 36.013886 37.121422 40.112342 3.000000 3.605551 60.033324 0.000000 4.000000 7.000000 3.605551 3.605551 4.242641 3.162278 5.830952 6.708204 6.082763 16.643317 8.544004 8.062258 8.544004 10.295630 11.045361 9.219544 11.045361 36.400549 39.293765 41.231056 49.819675 39.217343 42.059482 47.801674 39.395431 48.703183 40.249224 42.047592 45.694639 41.182521 46.141088 49.648766 74.330344 77.317527 75.538070 79.511006 83.486526 74.813100 80.752709 72.367120 83.186537 77.878110 79.831072 84.723078 82.000000 76.400262 86.127812 86.313383 78.434686 89.005618 90.785461 86.162637 88.255311 82.637764 86.377080 88.255311 81.932899 83.168504 86.023253 82.969874 86.833173 72.090221 74.242845 62.769419 65.741920 68.000000 70.710678 70.830784 74.303432 67.230945 64.140471 65.513357 67.742158 67.675697 66.030296 71.561163 68.242216 64.202804 67.208630 71.217975 70.292247 72.201108 73.239334 74.411021 74.652528 76.026311 75.802375 76.837491 55.072679 53.600373 63.655322 71.589105 67.977938 63.158531 59.682493 60.959003 68.680419 65.795137 58.668561 78.721026 83.528438 
21 74.706091 51.788030 51.478151 45.276926 44.283180 45.099889 44.011362 42.011903 30.016662 41.109610 42.190046 41.303753 29.274562 36.345564 37.656341 40.607881 5.000000 3.605551 58.137767 4.000000 0.000000 3.000000 7.280110 2.236068 7.615773 5.830952 3.162278 9.219544 6.708204 14.866069 10.630146 9.433981 8.062258 12.727922 12.083046 9.219544 11.401754 32.572995 35.440090 37.363083 45.891176 35.468296 38.275318 43.965896 35.777088 44.944410 36.715120 38.470768 42.047592 37.735925 42.720019 46.141088 70.349129 73.334848 71.568149 75.538070 79.511006 70.859015 76.791927 68.447060 79.246451 73.979727 75.927597 80.808415 78.102497 72.532751 82.280010 82.764727 74.672619 85.475143 87.235314 82.462113 84.504438 78.924014 82.637764 84.504438 78.185676 79.378838 82.219219 79.120162 82.969874 70.576200 72.498276 61.351447 64.078077 66.211781 68.876701 68.883960 72.449983 65.299311 62.177166 63.529521 65.764732 65.513357 63.812225 69.462220 66.037868 61.854668 64.350602 68.818602 67.801180 69.892775 71.021124 71.840100 72.201108 73.783467 73.498299 74.404301 53.225934 51.312766 60.959003 69.778220 66.309879 61.684682 57.706152 58.412327 66.068147 64.257295 56.797887 77.077883 81.492331 
22 73.348483 52.392748 51.971146 45.705580 44.721360 45.398238 44.181444 42.190046 30.265492 41.436699 42.579338 41.773197 29.832868 36.878178 38.327536 41.231056 7.615773 5.830952 56.859476 7.000000 3.000000 0.000000 10.198039 4.472136 10.440307 8.544004 3.605551 11.661904 8.485281 14.142136 12.806248 11.313708 8.944272 15.000000 13.601471 10.295630 12.529964 29.732137 32.572995 34.481879 42.953463 32.695565 35.468296 41.109610 33.120990 42.154478 34.132096 35.846897 39.357337 35.227830 40.224371 43.566042 67.364679 70.349129 68.593003 72.560320 76.531039 67.896981 73.824115 65.513357 76.295478 71.063352 73.006849 77.878110 75.186435 69.641941 79.404030 80.131143 71.867934 82.855296 84.599054 79.705709 81.706793 76.157731 79.849859 81.706793 75.392307 76.550637 79.378838 76.243032 80.081209 69.570109 71.309186 60.440053 62.968246 65.000000 67.623960 67.542579 71.175839 63.976558 60.835845 62.169124 64.404969 64.007812 62.265560 68.000000 64.498062 60.207973 62.289646 67.119297 66.030296 68.264193 69.462220 70.000000 70.455660 72.201108 71.867934 72.670489 52.000000 49.739320 59.033889 68.541958 65.192024 60.728906 56.364883 56.612719 64.202804 63.245553 55.542776 75.960516 80.062476 
23 79.924965 53.037722 53.000000 47.042534 46.043458 47.169906 46.389654 44.407207 32.557641 43.185646 44.102154 43.046487 31.144823 38.052595 39.000000 42.000000 5.830952 7.071068 63.285069 3.605551 7.280110 10.198039 0.000000 6.000000 1.000000 2.236068 8.062258 4.000000 5.656854 16.970563 6.000000 6.324555 8.485281 7.280110 9.219544 8.602325 9.848858 38.832976 41.773197 43.737855 52.469038 41.484937 44.384682 50.219518 41.436699 50.960769 42.154478 44.011362 47.759816 42.953463 47.853944 51.478151 77.162167 80.156098 78.313473 82.298238 86.284413 77.524190 83.486526 74.966659 85.842880 80.411442 82.377181 87.298339 84.528102 78.854296 88.526832 89.894382 81.932899 92.590496 94.366308 89.693924 91.760558 86.162637 89.888820 91.760558 85.440037 86.648716 89.493016 86.400231 90.249654 75.153177 77.414469 65.795137 68.883960 71.196910 73.925638 74.094534 77.524190 70.491134 67.416615 68.796802 71.021124 71.028163 69.404611 74.886581 71.610055 67.623960 70.767224 74.652528 73.756356 75.604233 76.609399 77.897368 78.102497 79.404030 79.202273 80.280757 58.309519 57.008771 67.178866 74.793048 71.119618 66.211781 62.968246 64.443774 72.180330 68.876701 61.911227 81.841310 86.821656 
24 76.941536 53.600373 53.338541 47.169906 46.173586 47.042534 46.000000 44.000000 32.000000 43.046487 44.102154 43.185646 31.144823 38.209946 39.458839 42.426407 5.830952 5.099020 60.373835 3.605551 2.236068 4.472136 6.000000 0.000000 6.082763 4.123106 2.236068 7.211103 4.472136 13.416408 8.485281 7.211103 6.000000 10.630146 9.848858 7.071068 9.219544 32.984845 35.902646 37.854986 46.529560 35.735137 38.600518 44.384682 35.846897 45.221676 36.674242 38.483763 42.154478 37.589892 42.544095 46.065171 71.175839 74.168727 72.339477 76.321688 80.305666 71.568149 77.524190 69.050706 79.906195 74.525164 76.485293 81.394103 78.644771 73.006849 82.710338 84.599054 76.321688 87.321246 89.067390 84.172442 86.162637 80.622577 84.308956 86.162637 79.849859 80.993827 83.815273 80.653580 84.480767 72.801099 74.732858 63.568860 66.309879 68.447060 71.112587 71.119618 74.686009 67.535176 64.412732 65.764732 68.000000 67.742158 66.037868 71.693793 68.264193 64.070274 66.483081 71.028163 70.000000 72.111026 73.246160 74.027022 74.404301 76.006579 75.716577 76.609399 55.461698 53.535035 63.126856 72.013888 68.541958 63.906181 59.941638 60.605280 68.249542 66.483081 59.033889 79.309520 83.725743 
25 80.777472 54.037024 54.000000 48.041649 47.042534 48.166378 47.381431 45.398238 33.541020 44.181444 45.099889 44.045431 32.140317 39.051248 40.000000 43.000000 6.708204 7.810250 64.140471 4.242641 7.615773 10.440307 1.000000 6.082763 0.000000 2.000000 8.000000 3.000000 5.000000 16.278821 5.000000 5.385165 7.810250 6.324555 8.246211 7.810250 8.944272 38.639358 41.593269 43.566042 52.345009 41.231056 44.147480 50.009999 41.109610 50.695167 41.785165 43.657760 47.434165 42.544095 47.423623 51.078371 77.103826 80.099938 78.230429 82.219219 86.209048 77.414469 83.384651 74.813100 85.708809 80.230917 82.200973 87.132084 84.344532 78.644771 88.294960 90.354856 82.280010 93.059121 94.826157 90.077744 92.114060 86.539009 90.249654 92.114060 85.796270 86.977008 89.810912 86.683332 90.520716 76.059187 78.294317 66.708320 69.771054 72.069411 74.793048 74.946648 78.390050 71.344236 68.264193 69.641941 71.867934 71.847060 70.213959 75.716577 72.422372 68.410526 71.449283 75.432089 74.518454 76.400262 77.420927 78.644771 78.873316 80.212219 80.000000 81.055537 59.169249 57.801384 67.896981 75.663730 72.006944 67.119297 63.812225 65.192024 72.917762 69.778220 62.769419 82.734515 87.664132 
26 79.755878 54.147945 54.037024 48.000000 47.000000 48.041649 47.169906 45.177428 33.241540 44.045431 45.011110 44.000000 32.015621 39.000000 40.049969 43.046487 6.082763 6.708204 63.134776 3.162278 5.830952 8.544004 2.236068 4.123106 2.000000 0.000000 6.000000 3.605551 3.605551 14.866069 5.385165 5.000000 6.403124 7.211103 8.000000 6.708204 8.246211 36.674242 39.623226 41.593269 50.358713 39.293765 42.201896 48.052055 39.217343 48.764741 39.924930 41.785165 45.541190 40.718546 45.617979 49.244289 75.106591 78.102497 76.236474 80.224684 84.214013 75.425460 81.394103 72.835431 83.725743 78.262379 80.230917 85.158675 82.377181 76.687678 86.348133 88.588938 80.411442 91.301698 93.059121 88.238314 90.249654 84.693565 88.391176 90.249654 83.934498 85.094066 87.920419 84.770278 88.600226 75.239617 77.369245 65.924199 68.876701 71.119618 73.824115 73.925638 77.414469 70.327804 67.230945 68.600292 70.830784 70.724819 69.065187 74.625733 71.281134 67.201190 70.007142 74.202426 73.246160 75.213031 76.275815 77.336925 77.620873 79.056942 78.816242 79.812280 58.180753 56.612719 66.528190 74.706091 71.112587 66.309879 62.769419 63.890531 71.589105 68.942005 61.773781 81.859636 86.608314 
27 76.922038 54.918121 54.589376 48.373546 47.381431 48.166378 47.042534 45.044423 33.060551 44.181444 45.276926 44.407207 32.388269 39.458839 40.792156 43.737855 7.810250 6.708204 60.415230 5.830952 3.162278 3.605551 8.062258 2.236068 8.000000 6.000000 0.000000 8.544004 5.000000 11.704700 9.433981 7.810250 5.385165 11.661904 10.000000 6.708204 8.944272 30.805844 33.734256 35.693137 44.407207 33.526109 36.400549 42.201896 33.615473 43.011626 34.438351 36.249138 39.924930 35.355339 40.311289 43.829214 69.115845 72.111026 70.256672 74.242845 78.230429 69.462220 75.425460 66.910388 77.781746 72.367120 74.330344 79.246451 76.485293 70.830784 80.523289 83.354664 74.846510 86.092973 87.817994 82.764727 84.693565 79.202273 82.855296 84.693565 78.390050 79.479557 82.280010 79.056942 82.861330 73.054774 74.846510 63.890531 66.483081 68.541958 71.175839 71.112587 74.732858 67.542579 64.404969 65.741920 67.977938 67.601775 65.863495 71.589105 68.095521 63.812225 65.855903 70.724819 69.634761 71.867934 73.061618 73.600272 74.060786 75.802375 75.471849 76.275815 55.542776 53.338541 62.625873 72.090221 68.709534 64.195015 59.933296 60.216277 67.801180 66.730802 59.093147 79.479557 83.648072 
28 83.354664 57.035077 57.000000 51.039201 50.039984 51.156622 50.358713 48.373546 36.496575 47.169906 48.093659 47.042534 35.128336 42.047592 43.000000 46.000000 9.486833 10.295630 66.730802 6.708204 9.219544 11.661904 4.000000 7.211103 3.000000 3.605551 8.544004 0.000000 4.000000 14.422205 2.000000 2.828427 6.324555 3.605551 5.385165 5.830952 6.403124 38.209946 41.194660 43.185646 52.086467 40.607881 43.566042 49.497475 40.261644 50.009999 40.804412 42.720019 46.572524 41.436699 46.238512 49.979996 77.006493 80.006250 78.057671 82.054860 86.052310 77.162167 83.150466 74.431176 85.375641 79.762146 81.743501 86.700634 83.862983 78.089692 87.664132 91.787799 83.384651 94.514549 96.254870 91.285267 93.230896 87.726849 91.389277 93.230896 86.925255 88.022724 90.824006 87.595662 91.394748 78.790862 80.950602 69.462220 72.449983 74.706091 77.414469 77.524190 81.006173 73.925638 70.830784 72.201108 74.431176 74.330344 72.670489 78.230429 74.886581 70.802542 73.539105 77.801028 76.837491 78.816242 79.881162 80.919713 81.215762 82.661962 82.419658 83.408633 61.773781 60.216277 70.092796 78.294317 74.686009 69.856997 66.370174 67.475922 75.166482 72.498276 65.368188 85.428333 90.210864 
29 81.412530 57.314920 57.140179 51.039201 50.039984 51.000000 50.039984 48.041649 36.055513 47.000000 48.010416 47.042534 35.014283 42.047592 43.185646 46.173586 9.055385 9.055385 64.845971 6.082763 6.708204 8.485281 5.656854 4.472136 5.000000 3.605551 5.000000 4.000000 0.000000 11.313708 4.472136 2.828427 2.828427 6.708204 5.385165 3.162278 5.000000 34.234486 37.215588 39.204592 48.093659 36.674242 39.623226 45.541190 36.400549 46.097722 37.000000 38.897301 42.720019 37.696154 42.544095 46.238512 73.006849 76.006579 74.060786 78.057671 82.054860 73.171033 79.158070 70.455660 81.394103 75.802375 77.781746 82.734515 79.906195 74.148500 83.743656 88.323270 79.705709 91.065910 92.784697 87.664132 89.554453 84.095184 87.726849 89.554453 83.258633 84.308956 87.091905 83.815273 87.595662 77.252832 79.202273 68.007353 70.774289 72.917762 75.584390 75.591005 79.158070 72.006944 68.883960 70.235319 72.470684 72.201108 70.491134 76.157731 72.718636 68.505474 70.767224 75.451971 74.404301 76.550637 77.698134 78.409183 78.816242 80.454956 80.156098 81.024688 59.933296 57.982756 67.475922 76.485293 73.006849 68.352030 64.412732 65.000000 72.622311 70.936591 63.505905 83.773504 88.192970 
30 85.440037 66.490601 66.098411 59.841457 58.855756 59.539903 58.309519 56.320511 44.407207 55.578773 56.718604 55.901699 43.931765 50.990195 52.392748 55.317267 19.235384 18.384776 69.260378 16.643317 14.866069 14.142136 16.970563 13.416408 16.278821 14.866069 11.704700 14.422205 11.313708 0.000000 13.416408 11.661904 8.485281 14.866069 10.440307 8.602325 8.544004 26.305893 29.274562 31.256999 40.311289 28.017851 31.016125 37.013511 27.073973 37.054015 27.294688 29.274562 33.241540 27.658633 32.280025 36.138622 65.375837 68.359345 66.189123 70.178344 74.168727 65.069194 71.063352 62.000000 73.000000 67.067131 69.065187 74.060786 71.112587 65.192024 74.545288 86.214848 76.321688 89.022469 90.603532 84.599054 86.092973 80.993827 84.380092 86.092973 79.924965 80.622577 83.240615 79.605276 83.192548 82.462113 83.815273 73.545904 75.690158 77.491935 80.006250 79.711982 83.486526 76.216796 73.054774 74.330344 76.550637 75.769387 73.925638 79.849859 76.157731 71.589105 72.111026 78.262379 76.941536 79.624117 81.024688 80.622577 81.412530 83.671979 83.192548 83.648072 64.560050 61.465437 69.462220 80.956779 77.884530 73.756356 68.622154 67.535176 74.793048 76.157731 68.007353 88.600226 91.923882 
31 85.088190 59.033889 59.000000 53.037722 52.038447 53.150729 52.345009 50.358713 38.470768 49.162994 50.089919 49.040799 37.121422 44.045431 45.000000 48.000000 11.401754 12.083046 68.476273 8.544004 10.630146 12.806248 6.000000 8.485281 5.000000 5.385165 9.433981 2.000000 4.472136 13.416408 0.000000 2.000000 6.000000 2.236068 3.605551 5.099020 5.000000 38.052595 41.048752 43.046487 52.009614 40.311289 43.289722 49.254441 39.812058 49.648766 40.261644 42.201896 46.097722 40.804412 45.541190 49.335586 77.006493 80.006250 78.006410 82.006097 86.005814 77.058419 83.054199 74.242845 85.211502 79.511006 81.498466 86.469648 83.600239 77.781746 87.298339 92.784697 84.172442 95.524866 97.247108 92.135769 94.021274 88.566359 92.195445 94.021274 87.726849 88.769364 91.547802 88.255311 92.027170 80.622577 82.734515 71.309186 74.249579 76.478755 79.177017 79.259069 82.764727 75.663730 72.560320 73.925638 76.157731 76.006579 74.330344 79.924965 76.550637 72.422372 74.966659 79.404030 78.409183 80.448741 81.541401 82.462113 82.800966 84.314886 84.053554 85.000000 63.529521 61.854668 71.589105 80.062476 76.485293 71.693793 68.095521 69.028979 76.694198 74.323617 67.119297 87.235314 91.923882 
32 84.118963 59.135438 59.033889 53.000000 52.000000 53.037722 52.153619 50.159745 38.209946 49.040799 50.009999 49.000000 37.013511 44.000000 45.044423 48.041649 11.045361 11.401754 67.535176 8.062258 9.433981 11.313708 6.324555 7.211103 5.385165 5.000000 7.810250 2.828427 2.828427 11.661904 2.000000 0.000000 4.000000 4.123106 3.000000 3.162278 3.605551 36.055513 39.051248 41.048752 50.009999 38.327536 41.303753 47.265209 37.854986 47.675990 38.327536 40.261644 44.147480 38.897301 43.657760 47.434165 75.006666 78.006410 76.006579 80.006250 84.005952 75.059976 81.055537 72.249567 83.216585 77.524190 79.511006 84.480767 81.614950 75.802375 85.328776 91.065910 82.346828 93.813645 95.524866 90.338253 92.195445 86.764048 90.376988 92.195445 85.906926 86.925255 89.693924 86.377080 90.138782 79.849859 81.859636 70.576200 73.409809 75.584390 78.262379 78.294317 81.841310 74.706091 71.589105 72.945185 75.179785 74.946648 73.246160 78.892332 75.471849 71.281134 73.593478 78.236820 77.201036 79.322128 80.454956 81.215762 81.608823 83.216585 82.927679 83.815273 62.609903 60.745370 70.292247 79.158070 75.643903 70.936591 67.119297 67.801180 75.432089 73.539105 66.189123 86.406018 90.917545 
