#

param c:
    1  2  3  4  5  6  7  8  9 10 11 12 13 14 15 16 17 18 19 20 21 22 23 24 25 26 27 28 29 30 31 32 33 34 35 36 37 38 39 40 41 42 43 44 45 46 47 48 49 50 51 52 53 54 55 56 57 58 59 60 61 62 63 64 65 66 67 68 69 70 71 72 73 74 75 76 77 78 79 80 81 82 83 84 85 86 87 88 89 90 91 92 93 94 95 96 97 98 99 100 101 :=
 1 0.000000 18.681542 20.615528 16.124515 18.110770 15.132746 19.000000 16.000000 18.110770 20.099751 16.763055 19.646883 38.078866 30.805844 39.357337 36.055513 40.311289 33.301652 35.355339 39.051248 10.000000 10.198039 12.165525 13.000000 15.000000 15.132746 15.811388 17.117243 17.720045 20.000000 20.615528 33.541020 31.622777 33.526109 32.388269 38.078866 35.355339 39.293765 41.231056 40.311289 20.615528 18.681542 19.313208 16.552945 21.540659 22.360680 20.591260 18.027756 23.323808 19.209373 22.803509 25.000000 21.213203 45.177428 40.049969 35.057096 45.000000 35.000000 45.044423 35.057096 45.276926 22.360680 18.027756 14.142136 21.540659 12.806248 16.552945 12.206556 20.615528 15.811388 58.523500 57.008771 23.853721 55.713553 19.849433 15.811388 52.201533 52.000000 50.289164 51.078371 51.478151 47.434165 35.355339 32.388269 31.048349 29.732137 26.476405 25.495098 26.925824 24.351591 20.615528 22.360680 44.204072 43.011626 40.607881 37.202150 36.055513 40.311289 30.805844 33.541020 38.078866 
 2 18.681542 0.000000 2.000000 3.605551 3.000000 4.242641 5.099020 5.385165 7.000000 7.280110 10.198039 10.049876 26.248809 24.041631 28.600699 27.730849 30.232433 27.892651 30.805844 32.310989 23.430749 21.931712 23.345235 21.400935 26.907248 25.612497 23.853721 27.202941 25.553865 30.805844 28.178006 48.104054 44.821870 46.400431 43.566042 51.855569 46.141088 51.312766 53.000000 50.537115 39.293765 37.363083 37.947332 35.114100 40.162171 40.853396 39.000000 36.249138 41.629317 37.121422 40.706265 42.941821 38.587563 63.007936 58.077534 53.084838 63.198101 53.235327 63.387696 53.460266 63.788714 38.327536 33.376639 28.442925 38.118237 28.160256 33.060551 28.071338 38.000000 33.000000 62.801274 59.908263 38.832976 60.440053 33.955854 3.000000 55.803226 57.384667 54.203321 56.639209 58.728187 51.855569 32.695565 29.966648 26.925824 24.351591 24.698178 23.853721 21.540659 20.591260 19.849433 17.000000 27.802878 26.248809 24.413111 20.808652 19.209373 22.671568 14.764823 15.620499 19.723083 
 3 20.615528 2.000000 0.000000 5.000000 3.605551 5.830952 5.099020 6.403124 7.280110 7.000000 10.770330 10.049876 25.000000 23.537205 27.459060 26.925824 29.154759 27.459060 30.413813 31.622777 25.000000 23.430749 24.758837 22.671568 28.284271 26.907248 25.000000 28.425341 26.627054 32.015621 29.154759 49.497475 46.097722 47.634021 44.654227 53.150729 47.169906 52.430907 54.083269 51.478151 41.231056 39.293765 39.849718 37.000000 42.059482 42.720019 40.853396 38.078866 43.462628 38.910153 42.485292 44.721360 40.311289 65.007692 60.074953 55.081757 65.192024 55.226805 65.375837 55.443665 65.764732 40.311289 35.355339 30.413813 40.112342 30.149627 35.057096 30.066593 40.000000 35.000000 64.031242 61.032778 40.792156 61.717096 35.902646 5.000000 57.008771 58.728187 55.443665 58.000000 60.207973 53.150729 33.541020 30.886890 27.730849 25.079872 25.806976 25.000000 22.360680 21.633308 21.213203 18.027756 26.627054 25.000000 23.323808 19.723083 18.027756 21.213203 13.928388 14.142136 18.027756 
 4 16.124515 3.605551 5.000000 0.000000 2.000000 1.000000 3.605551 2.000000 4.472136 5.656854 7.000000 7.615773 25.495098 21.931712 27.586228 26.076810 29.068884 25.632011 28.460499 30.413813 20.000000 18.439089 19.798990 17.804494 23.345235 22.022716 20.248457 23.600847 21.954498 27.202941 24.596748 44.553339 41.231056 42.801869 39.962482 48.270074 42.544095 47.707442 49.396356 46.957428 36.674242 34.713110 35.171011 32.280025 37.363083 37.947332 36.055513 33.241540 38.626416 34.014703 37.576588 39.812058 35.355339 61.032778 56.000000 51.000000 61.032778 51.039201 61.131007 51.156622 61.400326 36.878178 32.015621 27.202941 36.496575 26.683328 31.400637 26.476405 36.124784 31.144823 64.070274 61.400326 37.643060 61.611687 32.893768 3.162278 57.140179 58.412327 55.470713 57.628118 59.413803 53.009433 34.785054 31.953091 29.120440 26.683328 26.400758 25.495098 23.769729 22.472205 21.095023 18.973666 31.400637 29.832868 28.017851 24.413111 22.803509 26.172505 18.357560 19.104973 23.021729 
 5 18.110770 3.000000 3.605551 2.000000 0.000000 3.000000 2.236068 2.828427 4.000000 4.472136 7.280110 7.071068 24.041631 21.189620 26.248809 25.059928 27.802878 25.000000 27.892651 29.546573 21.633308 20.000000 21.260292 19.104973 24.758837 23.345235 21.400935 24.839485 23.021729 28.425341 25.553865 45.967380 42.520583 44.045431 41.048752 49.578221 43.566042 48.826222 50.477718 47.885280 38.639358 36.674242 37.107951 34.205263 39.293765 39.849718 37.947332 35.114100 40.496913 35.846897 39.395431 41.629317 37.121422 63.031738 58.000000 53.000000 63.031738 53.037722 63.126856 53.150729 63.387696 38.832976 33.955854 29.120440 38.470768 28.635642 33.376639 28.442925 38.118237 33.136083 65.215029 62.433965 39.560081 62.801274 34.785054 4.242641 58.249464 59.665736 56.612719 58.898217 60.811183 54.203321 35.468296 32.695565 29.732137 27.202941 27.294688 26.419690 24.351591 23.259407 22.203603 19.697716 30.232433 28.600699 26.925824 23.323808 21.633308 24.758837 17.464249 17.691806 21.400935 
 6 15.132746 4.242641 5.830952 1.000000 3.000000 0.000000 4.472136 2.236068 5.000000 6.403124 7.071068 8.062258 26.248809 22.360680 28.284271 26.627054 29.732137 26.000000 28.792360 30.886890 19.209373 17.691806 19.104973 17.204651 22.671568 21.400935 19.723083 23.021729 21.470911 26.627054 24.166092 43.863424 40.607881 42.201896 39.446166 47.634021 42.059482 47.169906 48.877398 46.518813 35.693137 33.734256 34.205263 31.320920 36.400549 37.000000 35.114100 32.310989 37.696154 33.105891 36.674242 38.910153 34.481879 60.033324 55.000000 50.000000 60.033324 50.039984 60.133186 50.159745 60.406953 35.902646 31.048349 26.248809 35.510562 25.709920 30.413813 25.495098 35.128336 30.149627 63.513778 60.901560 36.687873 61.032778 31.953091 3.000000 56.603887 57.801384 54.918121 57.008771 58.728187 52.430907 34.481879 31.622777 28.861739 26.476405 26.000000 25.079872 23.537205 22.135944 20.591260 18.681542 32.015621 30.479501 28.600699 25.000000 23.430749 26.907248 18.867962 19.849433 23.853721 
 7 19.000000 5.099020 5.099020 3.605551 2.236068 4.472136 0.000000 3.000000 2.236068 2.236068 5.830952 5.000000 21.931712 18.973666 24.083189 22.825424 25.612497 22.803509 25.709920 27.313001 21.470911 19.723083 20.808652 18.439089 24.207437 22.671568 20.518285 24.041631 22.022716 27.586228 24.413111 45.343136 41.725292 43.185646 40.000000 48.795492 42.438190 47.801674 49.406477 46.647615 39.319207 37.336309 37.656341 34.713110 39.812058 40.261644 38.327536 35.440090 40.804412 36.055513 39.560081 41.785165 37.161808 64.124878 59.033889 54.037024 64.000000 54.000000 64.031242 54.037024 64.195015 40.261644 35.440090 30.675723 39.812058 30.083218 34.713110 29.832868 39.319207 34.365681 67.424031 64.660653 41.109610 65.000000 36.400549 6.403124 60.464866 61.846584 58.821765 61.073726 62.936476 56.400355 37.696154 34.928498 31.953091 29.410882 29.529646 28.653098 26.570661 25.495098 24.413111 21.931712 31.384710 29.681644 28.178006 24.596748 22.825424 25.612497 18.973666 18.601075 21.931712 
 8 16.000000 5.385165 6.403124 2.000000 2.828427 2.236068 3.000000 0.000000 2.828427 4.472136 5.000000 5.830952 24.207437 20.124612 26.172505 24.413111 27.586228 23.769729 26.570661 28.653098 18.867962 17.204651 18.439089 16.278821 21.931712 20.518285 18.601075 22.022716 20.248457 25.612497 22.825424 43.139309 39.698866 41.231056 38.275318 46.754679 40.816663 46.043458 47.707442 45.177428 36.345564 34.365681 34.713110 31.780497 36.878178 37.363083 35.440090 32.572995 37.947332 33.241540 36.769553 39.000000 34.438351 61.131007 56.035703 51.039201 61.000000 51.000000 61.032778 51.039201 61.204575 37.363083 32.572995 27.856777 36.878178 27.202941 31.780497 26.925824 36.345564 31.400637 65.734314 63.134776 38.275318 63.245553 33.615473 5.099020 58.830264 60.000000 57.140179 59.203040 60.876925 54.644304 36.687873 33.837849 31.048349 28.635642 28.231188 27.313001 25.709920 24.351591 22.825424 20.880613 33.015148 31.400637 29.681644 26.076810 24.413111 27.586228 20.124612 20.518285 24.207437 
 9 18.110770 7.000000 7.280110 4.472136 4.000000 5.000000 2.236068 2.828427 0.000000 2.000000 3.605551 3.162278 21.400935 17.464249 23.345235 21.633308 24.758837 21.189620 24.041631 25.942244 19.697716 17.888544 18.867962 16.401219 22.203603 20.615528 18.384776 21.931712 19.849433 25.455844 22.203603 43.278170 39.597980 41.036569 37.802116 46.669048 40.224371 45.607017 47.201695 44.418465 38.118237 36.124784 36.345564 33.376639 38.470768 38.832976 36.878178 33.955854 39.293765 34.481879 37.947332 40.162171 35.468296 63.285069 58.137767 53.150729 63.031738 53.037722 63.000000 53.000000 63.071388 39.849718 35.114100 30.463092 39.293765 29.732137 34.205263 29.410882 38.639358 33.734256 68.505474 65.863495 40.853396 66.030296 36.249138 7.615773 61.587336 62.801274 59.908263 62.008064 63.702433 57.428216 39.217343 36.400549 33.526109 31.048349 30.870698 29.966648 28.160256 26.925824 25.553865 23.409400 33.615473 31.906112 30.413813 26.832816 25.059928 27.802878 21.189620 20.808652 24.041631 
10 20.099751 7.280110 7.000000 5.656854 4.472136 6.403124 2.236068 4.472136 2.000000 0.000000 5.000000 3.162278 19.849433 16.763055 21.931712 20.591260 23.430749 20.615528 23.537205 25.079872 21.540659 19.697716 20.591260 18.027756 23.853721 22.203603 19.849433 23.430749 21.213203 26.907248 23.430749 44.821870 41.036569 42.426407 39.051248 48.104054 41.400483 46.861498 48.414874 45.486262 40.112342 38.118237 38.327536 35.355339 40.447497 40.792156 38.832976 35.902646 41.231056 36.400549 39.849718 42.059482 37.336309 65.276336 60.133186 55.145263 65.030762 55.036352 65.000000 55.000000 65.069194 41.761226 37.000000 32.310989 41.231056 31.622777 36.138622 31.320920 40.607881 35.693137 69.634761 66.887966 42.720019 67.201190 38.078866 8.602325 62.681736 64.031242 61.032778 63.253458 65.069194 58.600341 39.924930 37.161808 34.176015 31.622777 31.764760 30.886890 28.792360 27.730849 26.627054 24.166092 32.649655 30.886890 29.546573 26.000000 24.166092 26.627054 20.615528 19.723083 22.671568 
11 16.763055 10.198039 10.770330 7.000000 7.280110 7.071068 5.830952 5.000000 3.605551 5.000000 0.000000 3.000000 21.470911 15.811388 23.021729 20.518285 24.207437 19.235384 21.931712 24.413111 16.763055 14.866069 15.652476 13.038405 18.867962 17.204651 14.866069 18.439089 16.278821 21.931712 18.601075 39.824616 36.069378 37.483330 34.205263 43.139309 36.619667 42.011903 43.600459 40.816663 36.000000 34.000000 34.058773 31.064449 36.124784 36.345564 34.365681 31.400637 36.674242 31.780497 35.171011 37.363083 32.572995 61.660360 56.435804 51.478151 61.204575 51.244512 61.073726 51.088159 61.000000 39.000000 34.438351 30.016662 38.275318 29.068884 33.241540 28.635642 37.363083 32.572995 69.971423 67.535176 40.249224 67.416615 35.846897 10.049876 63.134776 64.070274 61.400326 63.245553 64.660653 58.830264 41.484937 38.600518 35.902646 33.541020 32.893768 31.953091 30.594117 29.120440 27.313001 25.709920 37.215588 35.510562 34.000000 30.413813 28.653098 31.400637 24.698178 24.413111 27.586228 
12 19.646883 10.049876 10.049876 7.615773 7.071068 8.062258 5.000000 5.830952 3.162278 3.162278 3.000000 0.000000 18.867962 14.317821 20.615528 18.601075 21.931712 18.027756 20.880613 22.825424 19.646883 17.720045 18.384776 15.652476 21.470911 19.723083 17.204651 20.808652 18.439089 24.207437 20.518285 42.201896 38.288379 39.623226 36.124784 45.343136 38.418745 43.931765 45.453273 42.438190 39.000000 37.000000 37.054015 34.058773 39.115214 39.319207 37.336309 34.365681 39.623226 34.713110 38.078866 40.261644 35.440090 64.629715 59.413803 54.451814 64.195015 54.230987 64.070274 54.083269 64.000000 41.785165 37.161808 32.649655 41.109610 31.780497 36.055513 31.384710 40.261644 35.440090 71.561163 68.963759 42.953463 69.065187 38.470768 10.770330 64.660653 65.802736 62.968246 65.000000 66.603303 60.464866 42.379240 39.560081 36.687873 34.205263 34.014703 33.105891 31.320920 30.083218 28.653098 26.570661 35.777088 34.000000 32.695565 29.154759 27.313001 29.681644 23.769729 22.825424 25.612497 
13 38.078866 26.248809 25.000000 25.495098 24.041631 26.248809 21.931712 24.207437 21.400935 19.849433 21.470911 18.867962 0.000000 10.440307 3.000000 7.071068 5.000000 12.206556 14.142136 11.180340 35.355339 33.376639 33.136083 30.149627 35.000000 33.000000 30.000000 33.060551 30.066593 35.355339 30.413813 52.201533 47.434165 48.104054 43.462628 53.851648 44.721360 50.537115 51.478151 47.169906 55.901699 53.935146 53.600373 50.635956 55.443665 55.226805 53.235327 50.249378 55.081757 50.089919 53.009433 55.000000 50.000000 82.225300 76.902536 72.034714 81.394103 71.589105 81.049368 71.196910 80.622577 60.415230 55.901699 51.478151 59.615434 50.537115 54.626001 50.089919 58.523500 53.851648 89.022469 86.023253 61.717096 86.683332 57.306195 28.284271 82.006097 83.630138 80.430094 82.879430 84.852814 78.102497 58.309519 55.758407 52.478567 49.739320 50.803543 50.000000 47.169906 46.615448 46.097722 43.011626 42.000000 40.000000 40.112342 37.336309 35.355339 35.000000 34.481879 30.413813 30.000000 
14 30.805844 24.041631 23.537205 21.931712 21.189620 22.360680 18.973666 20.124612 17.464249 16.763055 15.811388 14.317821 10.440307 0.000000 10.000000 5.385165 10.198039 4.000000 7.000000 8.602325 26.248809 24.351591 23.769729 20.880613 25.179357 23.194827 20.223748 23.021729 20.024984 25.079872 20.099751 41.761226 37.000000 37.696154 33.105891 43.462628 34.481879 40.311289 41.340053 37.202150 46.840154 44.922155 44.384682 41.484937 46.097722 45.705580 43.737855 40.792156 45.398238 40.447497 43.185646 45.099889 40.112342 73.375745 68.007353 63.245553 72.277244 62.641839 71.805292 62.096699 71.196910 53.000000 48.826222 44.821870 51.971146 43.600459 47.169906 43.011626 50.537115 46.141088 85.755466 83.240615 54.644304 83.216585 50.606324 25.079872 78.892332 79.881162 77.175126 79.056942 80.430094 74.625733 56.648036 53.851648 50.921508 48.383882 48.332184 47.423623 45.541190 44.384682 42.941821 40.853396 46.097722 44.147480 43.566042 40.311289 38.327536 39.293765 36.000000 33.376639 34.481879 
15 39.357337 28.600699 27.459060 27.586228 26.248809 28.284271 24.083189 26.172505 23.345235 21.931712 23.021729 20.615528 3.000000 10.000000 0.000000 5.385165 2.000000 10.770330 12.206556 8.602325 35.902646 33.955854 33.541020 30.594117 35.128336 33.136083 30.149627 33.015148 30.016662 35.057096 30.066593 51.419841 46.572524 47.127487 42.379240 52.810984 43.462628 49.244289 50.089919 45.650849 56.515485 54.571055 54.129474 51.195703 55.901699 55.578773 53.600373 50.635956 55.326305 50.358713 53.150729 55.081757 50.089919 82.969874 77.620873 72.801099 82.000000 72.277244 81.584312 71.805292 81.049368 61.717096 57.306195 53.000000 60.835845 51.971146 55.901699 51.478151 59.615434 55.036352 91.400219 88.481637 63.134776 89.022469 58.830264 30.479501 84.403791 85.912746 82.800966 85.146932 87.000000 80.430094 60.901560 58.309519 55.072679 52.354560 53.254108 52.430907 49.739320 49.091751 48.414874 45.486262 45.000000 43.000000 43.104524 40.311289 38.327536 38.000000 37.363083 33.376639 33.000000 
16 36.055513 27.730849 26.925824 26.076810 25.059928 26.627054 22.825424 24.413111 21.633308 20.591260 20.518285 18.601075 7.071068 5.385165 5.385165 0.000000 5.000000 5.385165 7.071068 5.000000 31.622777 29.732137 29.120440 26.248809 30.413813 28.442925 25.495098 28.160256 25.179357 30.000000 25.000000 46.097722 41.231056 41.761226 37.000000 47.434165 38.078866 43.863424 44.721360 40.311289 52.201533 50.289164 49.729267 46.840154 51.419841 50.990195 49.030603 46.097722 50.635956 45.705580 48.373546 50.249378 45.276926 78.746428 73.375745 68.622154 77.620873 68.007353 77.129761 67.446275 76.485293 58.309519 54.083269 50.000000 57.306195 48.826222 52.478567 48.259714 55.901699 51.478151 90.138782 87.464278 59.908263 87.658428 55.803226 29.154759 83.216585 84.403791 81.541401 83.600239 85.146932 79.056942 60.415230 57.697487 54.626001 52.000000 52.354560 51.478151 49.244289 48.301139 47.169906 44.721360 47.265209 45.276926 45.044423 42.000000 40.000000 40.311289 38.327536 35.000000 35.355339 
17 40.311289 30.232433 29.154759 29.068884 27.802878 29.732137 25.612497 27.586228 24.758837 23.430749 24.207437 21.931712 5.000000 10.198039 2.000000 5.000000 0.000000 10.198039 11.180340 7.071068 36.400549 34.481879 33.955854 31.048349 35.355339 33.376639 30.413813 33.136083 30.149627 35.000000 30.000000 50.990195 46.097722 46.572524 41.761226 52.201533 42.720019 48.466483 49.244289 44.721360 57.008771 55.081757 54.571055 51.662365 56.293872 55.901699 53.935146 50.990195 55.578773 50.635956 53.338541 55.226805 50.249378 83.522452 78.160092 73.375745 82.462113 72.801099 82.000000 72.277244 81.394103 62.649820 58.309519 54.083269 61.717096 53.000000 56.824291 52.478567 60.415230 55.901699 93.005376 90.138782 64.140471 90.603532 59.908263 32.015621 86.023253 87.458562 84.403791 86.683332 88.459030 82.006097 62.649820 60.033324 56.824291 54.120237 54.918121 54.083269 51.478151 50.774009 50.000000 47.169906 47.000000 45.000000 45.099889 42.296572 40.311289 40.000000 39.293765 35.355339 35.000000 
18 33.301652 27.892651 27.459060 25.632011 25.000000 26.000000 22.803509 23.769729 21.189620 20.615528 19.235384 18.027756 12.206556 4.000000 10.770330 5.385165 10.198039 0.000000 3.000000 5.830952 27.730849 25.942244 25.079872 22.360680 25.961510 24.041631 21.189620 23.537205 20.615528 25.079872 20.099751 40.792156 35.902646 36.400549 31.622777 42.059482 32.695565 38.483763 39.357337 34.985711 48.104054 46.238512 45.541190 42.720019 47.127487 46.572524 44.643029 41.761226 46.097722 41.231056 43.737855 45.541190 40.607881 74.672619 69.289249 64.621978 73.375745 63.906181 72.801099 63.245553 72.034714 55.217751 51.224994 47.423623 54.083269 46.097722 49.406477 45.453273 52.478567 48.259714 89.185201 86.769810 57.008771 86.608314 53.150729 28.792360 82.365041 83.216585 80.622577 82.377181 83.600239 78.032045 60.406953 57.584720 54.708317 52.201533 52.000000 51.078371 49.335586 48.104054 46.518813 44.598206 50.009999 48.052055 47.518417 44.283180 42.296572 43.174066 40.000000 37.336309 38.327536 
19 35.355339 30.805844 30.413813 28.460499 27.892651 28.792360 25.709920 26.570661 24.041631 23.537205 21.931712 20.880613 14.142136 7.000000 12.206556 7.071068 11.180340 3.000000 0.000000 5.000000 29.154759 27.459060 26.419690 23.853721 26.925824 25.079872 22.360680 24.351591 21.540659 25.495098 20.615528 40.311289 35.355339 35.693137 30.805844 41.231056 31.622777 37.336309 38.078866 33.541020 49.244289 47.423623 46.615448 43.863424 48.104054 47.434165 45.541190 42.720019 46.840154 42.059482 44.384682 46.097722 41.231056 75.769387 70.384657 65.795137 74.330344 65.000000 73.681748 64.257295 72.801099 57.008771 53.150729 49.497475 55.803226 48.104054 51.224994 47.423623 54.083269 50.000000 91.787799 89.442719 58.898217 89.185201 55.172457 31.622777 85.000000 85.755466 83.240615 84.905830 86.023253 80.622577 63.245553 60.406953 57.567352 55.081757 54.781384 53.851648 52.201533 50.921508 49.244289 47.434165 52.952809 50.990195 50.487622 47.265209 45.276926 46.097722 43.000000 40.311289 41.231056 
20 39.051248 32.310989 31.622777 30.413813 29.546573 30.886890 27.313001 28.653098 25.942244 25.079872 24.413111 22.825424 11.180340 8.602325 8.602325 5.000000 7.071068 5.830952 5.000000 0.000000 33.541020 31.764760 30.870698 28.178006 31.622777 29.732137 26.925824 29.120440 26.248809 30.413813 25.495098 45.276926 40.311289 40.607881 35.693137 46.097722 36.400549 42.059482 42.720019 38.078866 53.851648 52.000000 51.264022 48.466483 52.810984 52.201533 50.289164 47.434165 51.662365 46.840154 49.244289 50.990195 46.097722 80.411442 75.026662 70.384657 79.056942 69.641941 78.447435 68.949257 77.620873 61.032778 57.008771 53.150729 59.908263 51.855569 55.217751 51.224994 58.309519 54.083269 94.339811 91.787799 62.801274 91.809586 58.898217 33.541020 87.464278 88.481637 85.755466 87.658428 89.022469 83.216585 65.000000 62.241465 59.236813 56.648036 56.797887 55.901699 53.851648 52.801515 51.478151 49.244289 52.239832 50.249378 50.039984 47.000000 45.000000 45.276926 43.289722 40.000000 40.311289 
21 10.000000 23.430749 25.000000 20.000000 21.633308 19.209373 21.470911 18.867962 19.697716 21.540659 16.763055 19.646883 35.355339 26.248809 35.902646 31.622777 36.400549 27.730849 29.154759 33.541020 0.000000 2.000000 2.828427 5.385165 5.000000 5.385165 7.071068 7.280110 8.602325 10.000000 11.180340 25.000000 22.360680 24.166092 22.561028 29.154759 25.495098 29.732137 31.622777 30.413813 20.615528 18.681542 18.248288 15.297059 20.099751 20.000000 18.000000 15.000000 20.099751 15.132746 18.439089 20.615528 15.811388 47.127487 41.761226 37.000000 46.097722 36.400549 45.705580 35.902646 45.276926 28.284271 25.000000 22.360680 26.907248 20.591260 22.671568 19.723083 25.000000 21.213203 68.007353 66.708320 30.479501 65.145990 27.459060 21.213203 61.846584 61.351447 59.908263 60.406953 60.415230 57.008771 45.276926 42.296572 40.792156 39.293765 36.345564 35.355339 36.400549 33.955854 30.413813 31.622777 50.931326 49.497475 47.423623 43.863424 42.426407 46.097722 37.536649 39.051248 43.011626 
22 10.198039 21.931712 23.430749 18.439089 20.000000 17.691806 19.723083 17.204651 17.888544 19.697716 14.866069 17.720045 33.376639 24.351591 33.955854 29.732137 34.481879 25.942244 27.459060 31.764760 2.000000 0.000000 2.000000 3.605551 5.385165 5.000000 5.830952 7.000000 7.615773 10.198039 10.440307 26.248809 23.323808 25.059928 23.086793 30.232433 25.961510 30.463092 32.310989 30.805844 22.561028 20.615528 20.223748 17.262677 22.090722 22.000000 20.000000 17.000000 22.090722 17.117243 20.396078 22.561028 17.720045 49.040799 43.680659 38.897301 48.052055 38.327536 47.675990 37.854986 47.265209 29.732137 26.248809 23.323808 28.425341 21.633308 24.041631 20.808652 26.627054 22.671568 68.622154 67.186308 31.827661 65.787537 28.600699 19.849433 62.361847 62.032250 60.440053 61.098281 61.269895 57.567352 45.099889 42.107007 40.447497 38.832976 36.124784 35.128336 35.902646 33.541020 30.149627 31.048349 49.578221 48.104054 46.097722 42.520583 41.036569 44.598206 36.235342 37.536649 41.400483 
23 12.165525 23.345235 24.758837 19.798990 21.260292 19.104973 20.808652 18.439089 18.867962 20.591260 15.652476 18.384776 33.136083 23.769729 33.541020 29.120440 33.955854 25.079872 26.419690 30.870698 2.828427 2.000000 0.000000 3.000000 3.605551 3.000000 4.242641 5.000000 5.830952 8.246211 8.544004 24.758837 21.633308 23.323808 21.189620 28.600699 24.041631 28.635642 30.463092 28.861739 23.086793 21.189620 20.615528 17.720045 22.360680 22.090722 20.099751 17.117243 22.000000 17.000000 20.099751 22.203603 17.262677 49.648766 44.271887 39.560081 48.507731 38.897301 48.052055 38.327536 47.518417 31.112698 27.802878 25.059928 29.732137 23.323808 25.495098 22.472205 27.802878 24.041631 70.519501 69.123079 33.301652 67.675697 30.232433 21.400935 64.288413 63.906181 62.361847 62.968246 63.071388 59.481089 47.095647 44.102154 42.426407 40.792156 38.118237 37.121422 37.854986 35.510562 32.140317 32.984845 51.088159 49.578221 47.634021 44.045431 42.520583 45.967380 37.802116 38.897301 42.638011 
24 13.000000 21.400935 22.671568 17.804494 19.104973 17.204651 18.439089 16.278821 16.401219 18.027756 13.038405 15.652476 30.149627 20.880613 30.594117 26.248809 31.048349 22.360680 23.853721 28.178006 5.385165 3.605551 3.000000 0.000000 5.830952 4.242641 3.000000 5.830952 5.000000 9.433981 8.000000 26.907248 23.430749 25.000000 22.360680 30.479501 25.079872 30.016662 31.764760 29.732137 25.961510 24.041631 23.537205 20.615528 25.317978 25.079872 23.086793 20.099751 25.000000 20.000000 23.086793 25.179357 20.223748 52.497619 47.127487 42.379240 51.419841 41.761226 50.990195 41.231056 50.487622 33.301652 29.732137 26.627054 32.015621 25.000000 27.586228 24.207437 30.232433 26.248809 71.512237 69.921384 35.355339 68.709534 32.015621 19.723083 65.145990 65.000000 63.245553 64.078077 64.412732 60.406953 47.000000 44.000000 42.107007 40.311289 38.000000 37.000000 37.336309 35.128336 32.000000 32.388269 49.203658 47.634021 45.803930 42.201896 40.607881 43.863424 36.055513 36.796739 40.360872 
25 15.000000 26.907248 28.284271 23.345235 24.758837 22.671568 24.207437 21.931712 22.203603 23.853721 18.867962 21.470911 35.000000 25.179357 35.128336 30.413813 35.355339 25.961510 26.925824 31.622777 5.000000 5.385165 3.605551 5.830952 0.000000 2.000000 5.000000 2.828427 5.385165 5.000000 7.071068 21.213203 18.027756 19.723083 17.720045 25.000000 20.615528 25.079872 26.925824 25.495098 22.360680 20.591260 19.697716 17.000000 21.189620 20.615528 18.681542 15.811388 20.223748 15.297059 18.027756 20.000000 15.000000 48.846699 43.462628 38.910153 47.434165 38.078866 46.840154 37.336309 46.097722 32.015621 29.154759 26.925824 30.479501 25.079872 26.627054 24.166092 28.284271 25.000000 72.801099 71.589105 34.409301 69.921384 31.764760 25.000000 66.708320 66.098411 64.761099 65.145990 65.000000 61.846584 50.249378 47.265209 45.705580 44.147480 41.303753 40.311289 41.231056 38.832976 35.355339 36.400549 54.671748 53.150729 51.224994 47.634021 46.097722 49.497475 41.400483 42.426407 46.097722 
26 15.132746 25.612497 26.907248 22.022716 23.345235 21.400935 22.671568 20.518285 20.615528 22.203603 17.204651 19.723083 33.000000 23.194827 33.136083 28.442925 33.376639 24.041631 25.079872 29.732137 5.385165 5.000000 3.000000 4.242641 2.000000 0.000000 3.000000 2.000000 3.605551 5.385165 5.830952 22.671568 19.209373 20.808652 18.384776 26.248809 21.189620 25.942244 27.730849 25.961510 24.166092 22.360680 21.540659 18.788294 23.086793 22.561028 20.615528 17.720045 22.203603 17.262677 20.024984 22.000000 17.000000 50.695167 45.310043 40.718546 49.335586 39.924930 48.764741 39.217343 48.052055 33.301652 30.232433 27.730849 31.827661 25.942244 27.802878 25.059928 29.732137 26.248809 73.375745 72.034714 35.608988 70.519501 32.756679 23.853721 67.186308 66.730802 65.253352 65.787537 65.795137 62.361847 50.089919 47.095647 45.398238 43.737855 41.109610 40.112342 40.792156 38.470768 35.128336 35.902646 53.413481 51.855569 50.000000 46.400431 44.821870 48.104054 40.224371 41.036569 44.598206 
27 15.811388 23.853721 25.000000 20.248457 21.400935 19.723083 20.518285 18.601075 18.384776 19.849433 14.866069 17.204651 30.000000 20.223748 30.149627 25.495098 30.413813 21.189620 22.360680 26.925824 7.071068 5.830952 4.242641 3.000000 5.000000 3.000000 0.000000 3.605551 2.000000 7.071068 5.000000 25.000000 21.213203 22.671568 19.723083 28.284271 22.360680 27.459060 29.154759 26.925824 26.925824 25.079872 24.351591 21.540659 25.961510 25.495098 23.537205 20.615528 25.179357 20.223748 23.021729 25.000000 20.000000 53.488316 48.104054 43.462628 52.201533 42.720019 51.662365 42.059482 50.990195 35.355339 32.015621 29.154759 33.970576 27.459060 29.732137 26.627054 32.015621 28.284271 74.330344 72.801099 37.536649 71.512237 34.409301 22.360680 68.007353 67.779053 66.098411 66.850580 67.082039 63.245553 50.000000 47.000000 45.099889 43.289722 41.000000 40.000000 40.311289 38.118237 35.000000 35.355339 51.613952 50.000000 48.259714 44.654227 43.011626 46.097722 38.587563 39.051248 42.426407 
28 17.117243 27.202941 28.425341 23.600847 24.839485 23.021729 24.041631 22.022716 21.931712 23.430749 18.439089 20.808652 33.060551 23.021729 33.015148 28.160256 33.136083 23.537205 24.351591 29.120440 7.280110 7.000000 5.000000 5.830952 2.828427 2.000000 3.605551 0.000000 3.000000 3.605551 4.242641 21.400935 17.691806 19.209373 16.552945 24.758837 19.313208 24.186773 25.942244 24.041631 25.059928 23.323808 22.360680 19.723083 23.769729 23.086793 21.189620 18.384776 22.561028 17.720045 20.223748 22.090722 17.117243 51.478151 46.097722 41.593269 49.979996 40.718546 49.335586 39.924930 48.507731 34.828150 31.906112 29.546573 33.301652 27.730849 29.410882 26.832816 31.112698 27.802878 75.286121 73.979727 37.202150 72.422372 34.481879 25.553865 69.123079 68.622154 67.186308 67.675697 67.623960 64.288413 52.086467 49.091751 47.381431 45.705580 43.104524 42.107007 42.755117 40.447497 37.121422 37.854986 55.000000 53.413481 51.613952 48.010416 46.400431 49.578221 41.880783 42.520583 45.967380 
29 17.720045 25.553865 26.627054 21.954498 23.021729 21.470911 22.022716 20.248457 19.849433 21.213203 16.278821 18.439089 30.066593 20.024984 30.016662 25.179357 30.149627 20.615528 21.540659 26.248809 8.602325 7.615773 5.830952 5.000000 5.385165 3.605551 2.000000 3.000000 0.000000 5.830952 3.000000 23.853721 19.849433 21.213203 18.027756 26.907248 20.591260 25.806976 27.459060 25.079872 27.730849 25.942244 25.079872 22.360680 26.570661 25.961510 24.041631 21.189620 25.495098 20.615528 23.194827 25.079872 20.099751 54.230987 48.846699 44.283180 52.810984 43.462628 52.201533 42.720019 51.419841 36.796739 33.600595 30.886890 35.355339 29.154759 31.240999 28.301943 33.301652 29.732137 76.216796 74.726167 39.051248 73.389373 36.055513 24.166092 69.921384 69.641941 68.007353 68.709534 68.876701 65.145990 52.000000 49.000000 47.095647 45.276926 43.000000 42.000000 42.296572 40.112342 37.000000 37.336309 53.254108 51.613952 49.929951 46.324939 44.654227 47.634021 40.311289 40.607881 43.863424 
30 20.000000 30.805844 32.015621 27.202941 28.425341 26.627054 27.586228 25.612497 25.455844 26.907248 21.931712 24.207437 35.355339 25.079872 35.057096 30.000000 35.000000 25.079872 25.495098 30.413813 10.000000 10.198039 8.246211 9.433981 5.000000 5.385165 7.071068 3.605551 5.830952 0.000000 5.000000 18.027756 14.142136 15.620499 13.000000 21.213203 15.811388 20.591260 22.360680 20.615528 25.000000 23.430749 22.203603 19.849433 23.323808 22.360680 20.591260 18.027756 21.540659 17.000000 18.973666 20.615528 15.811388 51.000000 45.650849 41.340053 49.244289 40.311289 48.466483 39.357337 47.434165 36.055513 33.541020 31.622777 34.409301 29.732137 30.886890 28.792360 32.015621 29.154759 77.620873 76.485293 38.587563 74.726167 36.249138 29.154759 71.589105 70.880181 69.634761 69.921384 69.641941 66.708320 55.226805 52.239832 50.635956 49.030603 46.270941 45.276926 46.097722 43.737855 40.311289 41.231056 58.600341 57.008771 55.217751 51.613952 50.000000 53.150729 45.486262 46.097722 49.497475 
31 20.615528 28.178006 29.154759 24.596748 25.553865 24.166092 24.413111 22.825424 22.203603 23.430749 18.601075 20.518285 30.413813 20.099751 30.066593 25.000000 30.000000 20.099751 20.615528 25.495098 11.180340 10.440307 8.544004 8.000000 7.071068 5.830952 5.000000 4.242641 3.000000 5.000000 0.000000 22.360680 18.027756 19.209373 15.620499 25.000000 18.027756 23.430749 25.000000 22.360680 29.154759 27.459060 26.419690 23.853721 27.730849 26.925824 25.079872 22.360680 26.248809 21.540659 23.769729 25.495098 20.615528 55.461698 50.089919 45.650849 53.851648 44.721360 53.141321 43.863424 52.201533 39.051248 36.055513 33.541020 37.536649 31.764760 33.600595 30.886890 35.355339 32.015621 79.056942 77.620873 41.400483 76.216796 38.587563 26.925824 72.801099 72.449983 70.880181 71.512237 71.589105 68.007353 55.000000 52.000000 50.089919 48.259714 46.000000 45.000000 45.276926 43.104524 40.000000 40.311289 55.758407 54.083269 52.478567 48.877398 47.169906 50.000000 42.941821 43.011626 46.097722 
32 33.541020 48.104054 49.497475 44.553339 45.967380 43.863424 45.343136 43.139309 43.278170 44.821870 39.824616 42.201896 52.201533 41.761226 51.419841 46.097722 50.990195 40.792156 40.311289 45.276926 25.000000 26.248809 24.758837 26.907248 21.213203 22.671568 25.000000 21.400935 23.853721 18.027756 22.360680 0.000000 5.000000 5.385165 10.198039 5.000000 11.180340 9.433981 11.180340 14.142136 25.495098 25.179357 23.194827 23.000000 22.561028 20.615528 20.223748 20.000000 18.681542 18.000000 16.278821 15.811388 15.000000 45.343136 40.607881 37.735925 42.426407 36.055513 41.036569 34.409301 39.051248 40.311289 40.000000 40.311289 38.327536 38.327536 37.000000 37.336309 35.355339 35.000000 85.146932 85.000000 43.289722 82.152298 43.000000 46.097722 80.000000 78.160092 78.000000 77.162167 75.663730 75.000000 68.007353 65.145990 64.257295 63.158531 59.464275 58.523500 60.415230 57.775427 53.851648 55.901699 75.822160 74.330344 72.346389 68.767725 67.268120 70.710678 62.481997 63.639610 67.268120 
33 31.622777 44.821870 46.097722 41.231056 42.520583 40.607881 41.725292 39.698866 39.597980 41.036569 36.069378 38.288379 47.434165 37.000000 46.572524 41.231056 46.097722 35.902646 35.355339 40.311289 22.360680 23.323808 21.633308 23.430749 18.027756 19.209373 21.213203 17.691806 19.849433 14.142136 18.027756 5.000000 0.000000 2.000000 5.385165 7.071068 7.071068 8.000000 10.000000 11.180340 26.925824 26.248809 24.351591 23.537205 24.166092 22.360680 21.540659 20.615528 20.591260 18.681542 17.888544 18.027756 15.811388 48.795492 43.863424 40.607881 46.097722 39.051248 44.821870 37.536649 43.011626 41.231056 40.311289 40.000000 39.293765 38.000000 37.336309 37.000000 36.400549 35.355339 85.586214 85.146932 44.147480 82.607506 43.289722 43.011626 80.156098 78.638413 78.160092 77.646635 76.485293 75.166482 66.708320 63.788714 62.641839 61.351447 57.974132 57.008771 58.523500 55.973208 52.201533 53.851648 72.622311 71.063352 69.202601 65.604878 64.031242 67.268120 59.405387 60.207973 63.639610 
34 33.526109 46.400431 47.634021 42.801869 44.045431 42.201896 43.185646 41.231056 41.036569 42.426407 37.483330 39.623226 48.104054 37.696154 47.127487 41.761226 46.572524 36.400549 35.693137 40.607881 24.166092 25.059928 23.323808 25.000000 19.723083 20.808652 22.671568 19.209373 21.213203 15.620499 19.209373 5.385165 2.000000 0.000000 5.000000 5.830952 5.830952 6.000000 8.000000 9.433981 28.792360 28.160256 26.248809 25.495098 26.000000 24.166092 23.409400 22.561028 22.360680 20.615528 19.697716 19.723083 17.720045 50.209561 45.343136 42.201896 47.423623 40.607881 46.097722 39.051248 44.204072 43.174066 42.296572 42.000000 41.231056 40.000000 39.319207 39.000000 38.327536 37.336309 87.572827 87.143560 46.097722 84.593144 45.276926 44.654227 82.152298 80.622577 80.156098 79.630396 78.447435 77.162167 68.658576 65.734314 64.560050 63.245553 59.908263 58.940648 60.406953 57.870545 54.120237 55.713553 74.202426 72.622311 70.802542 67.201190 65.604878 68.767725 61.032778 61.717096 65.069194 
35 32.388269 43.566042 44.654227 39.962482 41.048752 39.446166 40.000000 38.275318 37.802116 39.051248 34.205263 36.124784 43.462628 33.105891 42.379240 37.000000 41.761226 31.622777 30.805844 35.693137 22.561028 23.086793 21.189620 22.360680 17.720045 18.384776 19.723083 16.552945 18.027756 13.000000 15.620499 10.198039 5.385165 5.000000 0.000000 10.440307 3.000000 7.810250 9.433981 8.000000 30.886890 29.966648 28.178006 26.925824 28.301943 26.627054 25.553865 24.166092 25.000000 22.360680 22.203603 22.671568 19.723083 53.814496 48.795492 45.343136 51.224994 43.863424 50.000000 42.426407 48.259714 44.598206 43.174066 42.296572 42.720019 40.311289 40.261644 39.319207 39.924930 38.327536 88.283634 87.572827 47.434165 85.328776 46.097722 42.059482 82.607506 81.394103 80.622577 80.411442 79.555012 77.646635 67.742158 64.776539 63.348244 61.846584 58.855756 57.870545 58.940648 56.515485 52.952809 54.120237 71.281134 69.634761 67.955868 64.350602 62.681736 65.604878 58.309519 58.600341 61.717096 
36 38.078866 51.855569 53.150729 48.270074 49.578221 47.634021 48.795492 46.754679 46.669048 48.104054 43.139309 45.343136 53.851648 43.462628 52.810984 47.434165 52.201533 42.059482 41.231056 46.097722 29.154759 30.232433 28.600699 30.479501 25.000000 26.248809 28.284271 24.758837 26.907248 21.213203 25.000000 5.000000 7.071068 5.830952 10.440307 0.000000 10.000000 5.830952 7.071068 11.180340 30.413813 30.149627 28.160256 28.000000 27.459060 25.495098 25.179357 25.000000 23.537205 23.000000 21.213203 20.615528 20.000000 49.203658 44.654227 42.059482 46.097722 40.311289 44.598206 38.587563 42.426407 45.276926 45.000000 45.276926 43.289722 43.289722 42.000000 42.296572 40.311289 40.000000 90.138782 90.000000 48.259714 87.143560 48.000000 50.000000 85.000000 83.150466 83.000000 82.152298 80.622577 80.000000 72.801099 69.921384 68.949257 67.779053 64.195015 63.245553 65.000000 62.393910 58.523500 60.415230 79.649231 78.102497 76.216796 72.622311 71.063352 74.330344 66.400301 67.268120 70.710678 
37 35.355339 46.141088 47.169906 42.544095 43.566042 42.059482 42.438190 40.816663 40.224371 41.400483 36.619667 38.418745 44.721360 34.481879 43.462628 38.078866 42.720019 32.695565 31.622777 36.400549 25.495098 25.961510 24.041631 25.079872 20.615528 21.189620 22.360680 19.313208 20.591260 15.811388 18.027756 11.180340 7.071068 5.830952 3.000000 10.000000 0.000000 5.830952 7.071068 5.000000 33.541020 32.695565 30.870698 29.732137 30.886890 29.154759 28.178006 26.925824 27.459060 25.079872 24.698178 25.000000 22.360680 55.865911 50.931326 47.634021 53.150729 46.097722 51.855569 44.598206 50.000000 47.434165 46.097722 45.276926 45.541190 43.289722 43.174066 42.296572 42.720019 41.231056 91.241438 90.553851 50.289164 88.283634 49.030603 44.721360 85.586214 84.344532 83.600239 83.360662 82.462113 80.622577 70.710678 67.742158 66.287254 64.761099 61.814238 60.827625 61.846584 59.439044 55.901699 57.008771 73.783467 72.111026 70.491134 66.887966 65.192024 68.007353 60.901560 61.032778 64.031242 
38 39.293765 51.312766 52.430907 47.707442 48.826222 47.169906 47.801674 46.043458 45.607017 46.861498 42.011903 43.931765 50.537115 40.311289 49.244289 43.863424 48.466483 38.483763 37.336309 42.059482 29.732137 30.463092 28.635642 30.016662 25.079872 25.942244 27.459060 24.186773 25.806976 20.591260 23.430749 9.433981 8.000000 6.000000 7.810250 5.830952 5.830952 0.000000 2.000000 5.385165 34.481879 33.955854 32.015621 31.400637 31.622777 29.732137 29.120440 28.442925 27.856777 26.476405 25.298221 25.079872 23.537205 54.671748 50.000000 47.169906 51.662365 45.486262 50.209561 43.829214 48.104054 49.030603 48.259714 48.000000 47.074409 46.000000 45.276926 45.000000 44.147480 43.289722 93.536089 93.134312 51.971146 90.553851 51.244512 49.739320 88.141931 86.579443 86.145226 85.586214 84.344532 83.150466 74.525164 71.589105 70.342022 68.963759 65.734314 64.761099 66.098411 63.600314 59.908263 61.351447 79.056942 77.420927 75.716577 72.111026 70.455660 73.409809 66.037868 66.400301 69.526973 
39 41.231056 53.000000 54.083269 49.396356 50.477718 48.877398 49.406477 47.707442 47.201695 48.414874 43.600459 45.453273 51.478151 41.340053 50.089919 44.721360 49.244289 39.357337 38.078866 42.720019 31.622777 32.310989 30.463092 31.764760 26.925824 27.730849 29.154759 25.942244 27.459060 22.360680 25.000000 11.180340 10.000000 8.000000 9.433981 7.071068 7.071068 2.000000 0.000000 5.000000 36.400549 35.902646 33.955854 33.376639 33.526109 31.622777 31.048349 30.413813 29.732137 28.442925 27.202941 26.925824 25.495098 56.222771 51.613952 48.877398 53.150729 47.169906 51.662365 45.486262 49.497475 50.990195 50.249378 50.000000 49.030603 48.000000 47.265209 47.000000 46.097722 45.276926 95.524866 95.131488 53.935146 92.541882 53.235327 51.478151 90.138782 88.566359 88.141931 87.572827 86.313383 85.146932 76.485293 73.545904 72.277244 70.880181 67.683085 66.708320 68.007353 65.520989 61.846584 63.245553 80.709355 79.056942 77.388630 73.783467 72.111026 75.000000 67.742158 68.007353 71.063352 
