#

param c:
    1  2  3  4  5  6  7  8  9 10 11 12 13 14 15 16 17 18 19 20 21 22 23 24 25 26 27 28 29 30 31 32 33 34 35 36 37 38 39 40 41 42 43 44 45 46 47 48 49 50 51 52 53 54 55 56 57 58 59 60 61 62 63 64 65 66 :=
 1 0.000000 13.000000 75.604233 77.006493 89.050547 52.469038 69.814039 47.169906 66.189123 64.513564 75.927597 47.010637 61.717096 50.596443 72.111026 83.024093 71.505245 17.000000 21.023796 51.478151 16.124515 88.955045 53.758720 22.090722 61.294372 72.862885 77.897368 44.045431 68.767725 75.026662 67.178866 47.539457 44.011362 54.129474 53.366656 54.129474 99.764723 72.138755 50.990195 74.108029 68.600292 13.038405 42.426407 52.201533 75.663730 47.169906 77.833155 69.354164 72.862885 59.506302 67.268120 52.172790 15.811388 17.262677 19.235384 20.396078 52.201533 48.754487 45.188494 74.953319 84.011904 70.035705 72.917762 77.103826 75.663730 61.326992 
 2 13.000000 0.000000 64.660653 72.835431 87.664132 50.695167 58.830264 34.409301 68.410526 56.718604 64.637450 34.014703 52.497619 37.643060 67.475922 80.956779 60.000000 7.071068 9.848858 38.483763 8.062258 83.006024 40.804412 10.440307 51.865210 61.220911 66.400301 41.436699 57.428216 70.710678 55.317267 34.539832 54.129474 56.222771 40.607881 41.146081 90.077744 60.440053 38.013156 69.462220 72.862885 6.082763 41.146081 39.293765 63.780875 34.176015 66.219333 57.801384 61.220911 50.695167 55.803226 39.458839 10.440307 9.433981 10.630146 8.062258 39.217343 35.777088 54.817880 63.126856 81.908486 58.412327 61.400326 65.436993 63.780875 63.007936 
 3 75.604233 64.660653 0.000000 48.104054 70.384657 53.600373 5.830952 35.510562 76.006579 25.019992 3.605551 41.109610 18.681542 44.045431 43.680659 62.968246 7.280110 66.640828 64.078077 39.012818 68.876701 43.278170 43.289722 62.769419 18.027756 8.062258 6.324555 50.596443 8.062258 46.486557 13.152946 42.047592 97.493590 69.871310 48.373546 37.121422 28.017851 8.944272 38.000000 44.271887 87.143560 69.354164 55.027266 45.177428 10.630146 43.046487 7.615773 9.055385 8.062258 21.840330 10.049876 49.254441 72.013888 69.354164 68.541958 61.741396 42.107007 39.051248 96.176920 9.899495 63.324561 9.219544 6.708204 8.062258 10.630146 71.112587 
 4 77.006493 72.835431 48.104054 0.000000 22.360680 26.248809 47.413078 65.000000 35.846897 25.612497 51.623638 71.610055 34.828150 77.006493 5.830952 14.866069 52.773099 78.644771 78.587531 72.470684 80.411442 16.278821 78.102497 77.884530 36.235342 54.561891 54.424259 33.136083 50.606324 2.236068 55.758407 73.006849 74.060786 36.878178 82.619610 72.249567 47.296934 55.009090 71.063352 4.242641 47.413078 78.917679 35.693137 79.025312 58.180753 73.817342 55.713553 52.839379 54.561891 33.241540 51.623638 82.800966 83.186537 81.584312 82.000000 75.432089 76.059187 70.604532 71.610055 57.271284 15.231546 53.712196 53.225934 56.080300 58.180753 33.421550 
 5 89.050547 87.664132 70.384657 22.360680 0.000000 37.000000 69.771054 85.586214 30.083218 47.707442 73.925638 92.021737 56.859476 97.621719 27.459060 7.810250 75.133215 94.154129 94.847246 93.338095 95.634722 32.015621 98.994949 94.371606 58.249464 76.922038 76.694198 46.238512 72.945185 24.186773 78.032045 93.434469 74.330344 38.209946 103.276328 93.380940 66.007575 77.369245 91.923882 26.419690 38.832976 93.637599 46.840154 99.724621 80.529498 94.175368 78.000000 75.179785 76.922038 55.000000 73.925638 103.324731 98.081599 96.932967 97.693398 91.706052 96.876210 91.241438 71.470274 79.624117 7.211103 76.059187 75.584390 78.390050 80.529498 31.575307 
 6 52.469038 50.695167 53.600373 26.248809 37.000000 0.000000 50.089919 54.203321 24.041631 29.410882 56.320511 59.908263 35.128336 65.734314 22.825424 30.594117 55.009090 57.271284 58.180753 62.265560 58.694122 41.182521 67.742158 57.801384 36.055513 57.008771 59.304300 9.433981 52.000000 24.698178 55.226805 61.294372 49.517674 16.278821 71.281134 63.063460 64.899923 57.000000 60.901560 24.596748 34.132096 56.648036 10.049876 67.955868 61.008196 61.854668 60.207973 54.009258 57.008771 32.062439 52.038447 71.028163 61.098281 60.008333 60.835845 55.072679 65.513357 59.682493 47.381431 60.008333 31.575307 55.009090 56.035703 60.133186 61.008196 18.439089 
 7 69.814039 58.830264 5.830952 47.413078 69.771054 50.089919 0.000000 30.149627 73.109507 22.803509 6.708204 36.000000 15.000000 39.319207 42.544095 62.169124 5.385165 60.835845 58.309519 34.234486 63.071388 44.598206 38.832976 57.008771 14.035669 7.280110 9.486833 46.324939 3.605551 45.617979 9.433981 37.013511 92.612094 66.272166 43.931765 32.557641 33.241540 7.615773 33.136083 43.382024 84.000000 63.529521 50.695167 40.607881 11.180340 38.013156 10.198039 5.656854 7.280110 18.027756 5.385165 44.721360 66.211781 63.560994 62.769419 55.946403 37.483330 34.014703 91.389277 10.198039 62.609903 6.403124 6.082763 10.049876 11.180340 68.007353 
 8 47.169906 34.409301 35.510562 65.000000 85.586214 54.203321 30.149627 0.000000 77.820306 40.706265 34.205263 6.708204 32.310989 12.041595 59.203040 77.833155 29.120440 33.970576 30.610456 8.062258 36.124784 68.541958 13.601471 29.206164 31.016125 29.732137 35.114100 46.097722 27.459060 62.801274 23.409400 8.062258 81.498466 67.416615 17.691806 9.219544 63.387696 28.792360 6.708204 60.802960 86.377080 37.483330 49.040799 14.142136 31.304952 8.944272 34.539832 26.925824 29.732137 32.649655 25.495098 17.804494 39.051248 36.235342 35.000000 29.000000 11.401754 5.656854 81.221918 30.870698 78.568442 27.202941 30.364453 33.615473 31.304952 72.013888 
 9 66.189123 68.410526 76.006579 35.846897 30.083218 24.041631 73.109507 77.820306 0.000000 51.039201 79.006329 83.240615 58.137767 89.067390 36.400549 28.600699 78.230429 75.432089 77.233412 85.866175 76.400262 51.865210 91.241438 77.155687 59.211485 80.224684 82.006097 31.764760 75.325958 35.777088 78.917679 84.599054 44.384682 12.206556 94.514549 86.815897 82.280010 80.305666 84.528102 37.161808 11.704700 73.817342 29.410882 91.301698 84.214013 85.088190 83.024093 77.414469 80.224684 55.226805 75.538070 94.154129 78.236820 77.801028 79.025312 74.330344 89.005618 83.186537 41.484937 83.216585 29.410882 78.409183 79.158070 83.054199 84.214013 5.830952 
10 64.513564 56.718604 25.019992 25.612497 47.707442 29.410882 22.803509 40.706265 51.039201 0.000000 28.160256 47.413078 9.219544 52.478567 20.248457 39.962482 28.160256 61.131007 60.000000 47.707442 63.198101 28.160256 53.254108 59.008474 10.630146 30.083218 31.144823 28.600699 25.632011 23.600847 30.413813 48.764741 76.609399 45.607017 57.982756 47.201695 37.483330 30.364453 46.324939 21.400935 62.289646 62.513998 33.015148 54.378304 33.955854 49.648766 32.249031 27.856777 30.083218 8.062258 26.400758 58.309519 66.272166 64.124878 64.031242 57.008771 51.312766 46.141088 74.886581 32.984845 40.496913 28.792360 28.861739 32.388269 33.955854 46.270941 
11 75.927597 64.637450 3.605551 51.623638 73.925638 56.320511 6.708204 34.205263 79.006329 28.160256 0.000000 39.458839 21.213203 42.011903 47.127487 66.483081 5.099020 66.241981 63.505905 37.054015 68.476273 46.861498 41.048752 62.169124 20.396078 5.099020 3.000000 52.886671 7.211103 49.979996 11.045361 40.311289 99.317672 72.560320 46.097722 35.000000 30.066593 6.082763 36.124784 47.759816 90.049986 69.115845 57.280014 43.011626 7.071068 41.303753 4.123106 7.280110 5.099020 24.331050 8.944272 47.042534 71.589105 68.883960 67.977938 61.294372 40.000000 37.336309 98.086696 6.403124 66.850580 7.071068 4.000000 4.472136 7.071068 74.027022 
12 47.010637 34.014703 41.109610 71.610055 92.021737 59.908263 36.000000 6.708204 83.240615 47.413078 39.458839 0.000000 39.000000 5.830952 65.802736 84.291162 34.365681 32.202484 28.425341 4.472136 34.205263 75.239617 8.246211 27.018512 37.696154 34.713110 40.024992 51.478151 33.060551 69.404611 28.442925 1.414214 84.053554 72.498276 11.401754 7.211103 69.115845 33.734256 4.242641 67.424031 91.389277 36.055513 54.129474 8.062258 35.735137 2.236068 39.293765 32.249031 34.713110 39.357337 31.064449 11.313708 36.878178 34.058773 32.557641 27.459060 6.082763 2.236068 84.000000 35.440090 85.041167 32.388269 35.510562 38.327536 35.735137 77.414469 
13 61.717096 52.497619 18.681542 34.828150 56.859476 35.128336 15.000000 32.310989 58.137767 9.219544 21.213203 39.000000 0.000000 43.829214 29.410882 49.091751 20.099751 56.089215 54.451814 38.948684 58.249464 36.249138 44.418465 53.338541 1.414214 22.090722 24.186773 31.953091 17.262677 32.802439 21.540659 40.311289 79.259069 51.351728 49.244289 38.275318 38.078866 22.203603 37.589892 30.610456 69.000000 57.974132 36.400549 45.650849 26.076810 41.231056 25.079872 19.416488 22.090722 3.162278 17.720045 49.648766 61.392182 59.033889 58.694122 51.623638 42.544095 37.576588 77.826731 25.079872 49.648766 20.396078 21.023796 25.019992 26.076810 53.009433 
14 50.596443 37.643060 44.045431 77.006493 97.621719 65.734314 39.319207 12.041595 89.067390 52.478567 42.011903 5.830952 43.829214 0.000000 71.217975 89.872131 37.000000 34.885527 30.886890 5.099020 36.715120 80.056230 3.162278 29.529646 42.485292 37.054015 42.190046 57.306195 36.124784 74.813100 31.000000 4.472136 89.000000 78.294317 5.656854 7.071068 72.006944 36.055513 6.324555 72.801099 97.169954 38.910153 59.933296 2.236068 37.483330 4.123106 41.303753 35.014283 37.054015 44.418465 34.132096 5.830952 39.115214 36.359318 34.669872 30.463092 2.236068 6.403124 89.050547 37.336309 90.609050 35.000000 38.013156 40.311289 37.483330 83.240615 
15 72.111026 67.475922 43.680659 5.830952 27.459060 22.825424 42.544095 59.203040 36.400549 20.248457 47.127487 65.802736 29.410882 71.217975 0.000000 19.723083 47.927028 73.164199 73.006849 66.708320 74.966659 18.357560 72.346389 72.277244 30.805844 49.769469 50.000000 28.635642 45.617979 3.605551 50.606324 67.201190 71.840100 35.468296 76.837491 66.528190 45.880279 50.159745 65.299311 2.000000 48.104054 73.552702 31.622777 73.246160 53.488316 68.007353 51.244512 47.853944 49.769469 27.658633 46.529560 77.006493 77.781746 76.118329 76.485293 69.856997 70.292247 64.815122 69.526973 52.554733 20.248457 48.754487 48.466483 51.546096 53.488316 33.120990 
16 83.024093 80.956779 62.968246 14.866069 7.810250 30.594117 62.169124 77.833155 28.600699 39.962482 66.483081 84.291162 49.091751 89.872131 19.723083 0.000000 67.542579 87.315520 87.846457 85.562842 88.865066 26.683328 91.219515 87.321246 50.477718 69.354164 69.289249 39.560081 65.299311 16.552945 70.327804 85.702975 71.693793 34.481879 95.524866 85.586214 60.299254 69.778220 84.148678 18.788294 38.897301 86.977008 40.607881 91.967386 73.006849 86.452299 70.576200 67.535176 69.354164 47.201695 66.241981 95.587656 91.394748 90.138782 90.824006 84.693565 89.106678 83.486526 68.942005 72.090221 1.000000 68.425142 68.029405 70.936591 73.006849 28.635642 
17 71.505245 60.000000 7.280110 52.773099 75.133215 55.009090 5.385165 29.120440 78.230429 28.160256 5.099020 34.365681 20.099751 37.000000 47.927028 67.542579 0.000000 61.400326 58.591808 32.015621 63.631753 49.497475 36.124784 57.245087 19.026298 2.000000 6.403124 50.803543 3.162278 50.990195 6.000000 35.227830 96.384646 71.112587 41.194660 30.016662 35.014283 2.236068 31.064449 48.754487 89.022469 64.350602 55.108983 38.052595 6.000000 36.221541 6.403124 2.236068 2.000000 23.021729 4.242641 42.107007 66.730802 64.007812 63.063460 56.435804 35.014283 32.249031 95.273291 5.000000 67.977938 2.000000 1.414214 5.830952 6.000000 73.061618 
18 17.000000 7.071068 66.640828 78.644771 94.154129 57.271284 60.835845 33.970576 75.432089 61.131007 66.241981 32.202484 56.089215 34.885527 73.164199 87.315520 61.400326 0.000000 4.123106 36.619667 2.236068 88.090862 38.013156 5.385165 55.317267 62.433965 67.742158 47.927028 59.059292 76.485293 56.302753 32.449961 60.166436 63.253458 37.000000 39.408121 92.973114 61.587336 36.400549 75.133215 79.931220 4.123106 47.885280 36.249138 64.637450 31.906112 67.416615 59.169249 62.433965 54.589376 57.306195 35.735137 5.385165 3.000000 3.605551 5.000000 36.715120 34.205263 61.032778 64.070274 88.255311 59.682493 62.769419 66.573268 64.637450 70.000000 
19 21.023796 9.848858 64.078077 78.587531 94.847246 58.180753 58.309519 30.610456 77.233412 60.000000 63.505905 28.425341 54.451814 30.886890 73.006849 87.846457 58.591808 4.123106 0.000000 32.802439 5.830952 87.367042 34.000000 1.414214 53.600373 59.539903 64.884513 48.764741 56.364883 76.400262 53.338541 28.600699 63.788714 65.115282 32.893768 35.608988 90.801982 58.668561 32.649655 74.953319 82.219219 8.246211 49.091751 32.202484 61.587336 28.017851 64.498062 56.356011 59.539903 53.150729 54.561891 31.622777 8.485281 5.656854 4.472136 3.162278 32.756679 30.479501 64.560050 61.057350 88.769364 56.824291 59.941638 63.631753 61.587336 71.700767 
20 51.478151 38.483763 39.012818 72.470684 93.338095 62.265560 34.234486 8.062258 85.866175 47.707442 37.054015 4.472136 38.948684 5.099020 66.708320 85.562842 32.015621 36.619667 32.802439 0.000000 38.600518 75.133215 5.656854 31.400637 37.589892 32.140317 37.336309 54.129474 31.064449 70.292247 26.019224 4.242641 88.141931 75.392307 10.295630 2.828427 67.000000 31.144823 1.414214 68.249542 94.339811 40.496913 57.008771 6.708204 32.756679 5.000000 36.496575 30.000000 32.140317 39.661064 29.068884 10.770330 41.231056 38.418745 36.878178 31.906112 3.605551 3.000000 88.022724 32.557641 86.278618 30.016662 33.060551 35.510562 32.756679 80.056230 
21 16.124515 8.062258 68.876701 80.411442 95.634722 58.694122 63.071388 36.124784 76.400262 63.198101 68.476273 34.205263 58.249464 36.715120 74.966659 88.865066 63.631753 2.236068 5.830952 38.600518 0.000000 90.049986 39.824616 7.211103 57.489129 64.660653 69.971423 49.396356 61.294372 78.262379 58.523500 34.409301 59.774577 64.202804 38.626416 41.400483 95.189285 63.812225 38.418745 76.941536 80.610173 3.162278 49.193496 38.013156 66.850580 33.837849 69.641941 61.400326 64.660653 56.718604 59.539903 37.336309 3.162278 1.414214 3.162278 7.211103 38.587563 36.235342 60.745370 66.287254 89.810912 61.911227 65.000000 68.796802 66.850580 71.028163 
22 88.955045 83.006024 43.278170 16.278821 32.015621 41.182521 44.598206 68.541958 51.865210 28.160256 46.861498 75.239617 36.249138 80.056230 18.357560 26.683328 49.497475 88.090862 87.367042 75.133215 90.049986 0.000000 80.529498 86.469648 37.576588 50.931326 49.203658 46.486557 48.166378 17.029386 53.907328 76.557168 90.000000 53.075418 85.422479 74.303432 34.000000 51.623638 73.790243 16.643317 63.285069 89.000000 49.769469 81.841310 53.907328 77.472576 50.606324 50.249378 50.931326 36.055513 49.678969 85.866175 93.021503 91.087870 91.197588 84.291162 78.714675 73.824115 87.618491 53.150729 26.476405 50.931326 49.517674 51.224994 53.907328 49.678969 
23 53.758720 40.804412 43.289722 78.102497 98.994949 67.742158 38.832976 13.601471 91.241438 53.254108 41.048752 8.246211 44.418465 3.162278 72.346389 91.219515 36.124784 38.013156 34.000000 5.656854 39.824616 80.529498 0.000000 32.649655 43.046487 36.013886 41.012193 59.481089 35.510562 75.927597 30.149627 7.071068 92.005435 80.622577 5.099020 6.324555 71.112587 35.014283 7.071068 73.878278 99.538937 42.047592 62.241465 2.236068 36.124784 7.000000 40.049969 34.234486 36.013886 45.221676 33.541020 6.000000 42.190046 39.446166 37.735925 33.615473 2.236068 8.062258 92.021737 36.055513 91.934759 34.132096 37.054015 39.051248 36.124784 85.422479 
24 22.090722 10.440307 62.769419 77.884530 94.371606 57.801384 57.008771 29.206164 77.155687 59.008474 62.169124 27.018512 53.338541 29.529646 72.277244 87.321246 57.245087 5.385165 1.414214 31.400637 7.211103 86.469648 32.649655 0.000000 52.469038 58.180753 63.529521 48.373546 55.036352 75.690158 51.971146 27.202941 64.536811 65.069194 31.622777 34.205263 89.560036 57.306195 31.240999 74.215901 82.328610 9.486833 48.826222 30.870698 60.207973 26.627054 63.134776 55.009090 58.180753 52.086467 53.225934 30.364453 9.899495 7.071068 5.830952 2.828427 31.384710 29.068884 65.253352 59.682493 88.238314 55.470713 58.591808 62.265560 60.207973 71.589105 
25 61.294372 51.865210 18.027756 36.235342 58.249464 36.055513 14.035669 31.016125 59.211485 10.630146 20.396078 37.696154 1.414214 42.485292 30.805844 50.477718 19.026298 55.317267 53.600373 37.589892 57.489129 37.576588 43.046487 52.469038 0.000000 21.023796 23.345235 32.572995 16.124515 34.205263 20.248457 39.000000 79.649231 52.239832 47.885280 36.891733 38.470768 21.095023 36.235342 32.015621 70.007142 57.280014 37.000000 44.294469 25.019992 39.924930 24.186773 18.248288 21.023796 4.000000 16.492423 48.301139 60.638272 58.249464 57.870545 50.803543 41.182521 36.249138 78.262379 24.020824 51.039201 19.235384 20.000000 24.083189 25.019992 54.037024 
26 72.862885 61.220911 8.062258 54.561891 76.922038 57.008771 7.280110 29.732137 80.224684 30.083218 5.099020 34.713110 22.090722 37.054015 49.769469 69.354164 2.000000 62.433965 59.539903 32.140317 64.660653 50.931326 36.013886 58.180753 21.023796 0.000000 5.385165 52.773099 5.099020 52.801515 6.324555 35.510562 98.234414 73.109507 41.048752 30.016662 35.128336 1.000000 31.256999 50.566788 91.021975 65.459911 57.070132 38.000000 4.000000 36.496575 5.000000 3.605551 0.000000 25.019992 5.830952 42.011903 67.742158 65.000000 64.007812 57.454330 35.014283 32.557641 97.144223 3.000000 69.778220 2.828427 1.414214 4.242641 4.000000 75.059976 
27 77.897368 66.400301 6.324555 54.424259 76.694198 59.304300 9.486833 35.114100 82.006097 31.144823 3.000000 40.024992 24.186773 42.190046 50.000000 69.289249 6.403124 67.742158 64.884513 37.336309 69.971423 49.203658 41.012193 63.529521 23.345235 5.385165 0.000000 55.785303 9.219544 52.810984 11.704700 40.792156 102.044108 75.538070 46.000000 35.128336 30.413813 6.324555 36.496575 50.596443 93.048375 70.724819 60.166436 43.046487 5.385165 41.773197 1.414214 8.602325 5.385165 27.294688 10.630146 47.010637 73.061618 70.327804 69.354164 62.769419 40.112342 37.854986 100.846418 5.099020 69.641941 8.062258 5.000000 2.236068 5.385165 77.025970 
28 44.045431 41.436699 50.596443 33.136083 46.238512 9.433981 46.324939 46.097722 31.764760 28.600699 52.886671 51.478151 31.953091 57.306195 28.635642 39.560081 50.803543 47.927028 48.764741 54.129474 49.396356 46.486557 59.481089 48.373546 32.572995 52.773099 55.785303 0.000000 47.675990 31.256999 50.089919 52.839379 48.010416 21.587033 62.769419 55.154329 65.855903 52.611786 52.801515 30.594117 40.521599 47.434165 4.472136 59.539903 56.718604 53.338541 56.515485 49.497475 52.773099 28.792360 47.381431 62.433965 51.865210 50.695167 51.478151 45.650849 57.245087 51.429563 46.324939 55.731499 40.521599 50.487622 51.971146 56.293872 56.718604 25.942244 
29 68.767725 57.428216 8.062258 50.606324 72.945185 52.000000 3.605551 27.459060 75.325958 25.632011 7.211103 33.060551 17.262677 36.124784 45.617979 65.299311 3.162278 59.059292 56.364883 31.064449 61.294372 48.166378 35.510562 55.036352 16.124515 5.099020 9.219544 47.675990 0.000000 48.764741 5.830952 34.014703 93.230896 68.066144 40.607881 29.274562 36.055513 5.000000 30.016662 46.529560 86.052310 61.911227 51.971146 37.336309 9.055385 35.014283 9.433981 2.236068 5.099020 20.099751 2.000000 41.436699 64.412732 61.717096 60.835845 54.120237 34.234486 31.016125 92.114060 8.062258 65.764732 3.162278 4.472136 8.944272 9.055385 70.114193 
30 75.026662 70.710678 46.486557 2.236068 24.186773 24.698178 45.617979 62.801274 35.777088 23.600847 49.979996 69.404611 32.802439 74.813100 3.605551 16.552945 50.990195 76.485293 76.400262 70.292247 78.262379 17.029386 75.927597 75.690158 34.205263 52.801515 52.810984 31.256999 48.764741 0.000000 53.851648 70.802542 73.006849 36.069378 80.430094 70.092796 46.840154 53.225934 68.883960 2.236068 47.423623 76.791927 33.955854 76.837491 56.462377 71.610055 54.083269 51.000000 52.801515 31.144823 49.739320 80.603970 81.049368 79.429214 79.831072 73.246160 73.878278 68.410526 70.604532 55.542776 17.000000 51.884487 51.478151 54.424259 56.462377 33.015148 
31 67.178866 55.317267 13.152946 55.758407 78.032045 55.226805 9.433981 23.409400 78.917679 30.413813 11.045361 28.442925 21.540659 31.000000 50.606324 70.327804 6.000000 56.302753 53.338541 26.019224 58.523500 53.907328 30.149627 51.971146 20.248457 6.324555 11.704700 50.089919 5.830952 53.851648 0.000000 29.274562 94.244363 71.028163 35.227830 24.020824 41.012193 5.385165 25.079872 51.623638 89.358827 59.405387 54.230987 32.062439 8.485281 30.265492 11.180340 4.123106 6.324555 24.041631 4.242641 36.124784 61.587336 58.830264 57.801384 51.312766 29.017236 26.305893 93.300589 7.810250 70.830784 4.000000 7.071068 10.295630 8.485281 73.552702 
32 47.539457 34.539832 42.047592 73.006849 93.434469 61.294372 37.013511 8.062258 84.599054 48.764741 40.311289 1.414214 40.311289 4.472136 67.201190 85.702975 35.227830 32.449961 28.600699 4.242641 34.409301 76.557168 7.071068 27.202941 39.000000 35.510562 40.792156 52.839379 34.014703 70.802542 29.274562 0.000000 85.023526 73.824115 10.000000 7.071068 70.064256 34.525353 4.472136 68.818602 92.703829 36.359318 55.461698 6.708204 36.400549 1.000000 40.024992 33.136083 35.510562 40.706265 32.015621 9.899495 37.013511 34.205263 32.649655 27.784888 5.000000 3.000000 85.005882 36.138622 86.452299 33.241540 36.345564 39.051248 36.400549 78.771822 
33 44.011362 54.129474 97.493590 74.060786 74.330344 49.517674 92.612094 81.498466 44.384682 76.609399 99.317672 84.053554 79.259069 89.000000 71.840100 71.693793 96.384646 60.166436 63.788714 88.141931 59.774577 90.000000 92.005435 64.536811 79.649231 98.234414 102.044108 48.010416 93.230896 73.006849 94.244363 85.023526 0.000000 37.589892 93.085982 90.271812 113.701363 97.862148 87.206651 73.409809 39.000000 56.612719 43.600459 91.005494 101.950969 85.005882 102.552426 94.704805 98.234414 76.157731 92.477024 92.135769 59.808026 61.032778 62.936476 62.169124 90.022219 85.146932 3.000000 101.019800 72.615425 95.634722 97.693398 102.156742 101.950969 43.081318 
34 54.129474 56.222771 69.871310 36.878178 38.209946 16.278821 66.272166 67.416615 12.206556 45.607017 72.560320 72.498276 51.351728 78.294317 35.468296 34.481879 71.112587 63.253458 65.115282 75.392307 64.202804 53.075418 80.622577 65.069194 52.239832 73.109507 75.538070 21.587033 68.066144 36.069378 71.028163 73.824115 37.589892 0.000000 83.630138 76.550637 80.131143 73.061618 74.094534 36.796739 18.973666 61.611687 18.384776 80.529498 77.103826 74.249579 76.419893 70.028566 73.109507 48.259714 68.007353 83.186537 66.030296 65.604878 66.843100 62.241465 78.390050 72.615425 34.985711 76.105190 35.440090 71.028163 72.173402 76.321688 77.103826 7.280110 
35 53.366656 40.607881 48.373546 82.619610 103.276328 71.281134 43.931765 17.691806 94.514549 57.982756 46.097722 11.401754 49.244289 5.656854 76.837491 95.524866 41.194660 37.000000 32.893768 10.295630 38.626416 85.422479 5.099020 31.622777 47.885280 41.048752 46.000000 62.769419 40.607881 80.430094 35.227830 10.000000 93.085982 83.630138 0.000000 11.401754 76.164296 40.049969 11.661904 78.409183 102.459748 41.109610 65.299311 3.605551 41.048752 9.433981 45.011110 39.319207 41.048752 49.929951 38.639358 1.414214 40.718546 38.078866 36.249138 32.984845 6.708204 12.041595 93.263069 41.012193 96.260064 39.204592 42.107007 44.011362 41.048752 88.684835 
36 54.129474 41.146081 37.121422 72.249567 93.380940 63.063460 32.557641 9.219544 86.815897 47.201695 35.000000 7.211103 38.275318 7.071068 66.528190 85.586214 30.016662 39.408121 35.608988 2.828427 41.400483 74.303432 6.324555 34.205263 36.891733 30.016662 35.128336 55.154329 29.274562 70.092796 24.020824 7.071068 90.271812 76.550637 11.401754 0.000000 65.030762 29.017236 3.162278 68.014704 95.519631 43.266615 58.189346 8.062258 30.413813 7.810250 34.234486 28.071338 30.016662 39.204592 27.294688 12.165525 44.045431 41.231056 39.698866 34.669872 5.000000 5.385165 90.088845 30.265492 86.278618 28.017851 31.000000 33.241540 30.413813 81.024688 
37 99.764723 90.077744 28.017851 47.296934 66.007575 64.899923 33.241540 63.387696 82.280010 37.483330 30.066593 69.115845 38.078866 72.006944 45.880279 60.299254 35.014283 92.973114 90.801982 67.000000 95.189285 34.000000 71.112587 89.560036 38.470768 35.128336 30.413813 65.855903 36.055513 46.840154 41.012193 70.064256 113.701363 80.131143 76.164296 65.030762 0.000000 36.124784 66.007575 45.221676 93.984041 95.273291 70.178344 73.061618 35.693137 71.063352 31.575307 37.000000 35.128336 40.496913 38.052595 77.103826 98.351411 95.817535 95.210294 88.232647 70.028566 67.067131 111.825757 35.510562 60.207973 37.013511 34.058773 32.557641 35.693137 78.790862 
38 72.138755 60.440053 8.944272 55.009090 77.369245 57.000000 7.615773 28.792360 80.305666 30.364453 6.082763 33.734256 22.203603 36.055513 50.159745 69.778220 2.236068 61.587336 58.668561 31.144823 63.812225 51.623638 35.014283 57.306195 21.095023 1.000000 6.324555 52.611786 5.000000 53.225934 5.385165 34.525353 97.862148 73.061618 40.049969 29.017236 36.124784 0.000000 30.265492 50.990195 91.049437 64.637450 56.885851 37.000000 4.123106 35.510562 5.830952 3.162278 1.000000 25.079872 5.385165 41.012193 66.887966 64.140471 63.134776 56.603887 34.014703 31.575307 96.798760 3.162278 70.213959 2.236068 2.236068 5.000000 4.123106 75.106591 
39 50.990195 38.013156 38.000000 71.063352 91.923882 60.901560 33.136083 6.708204 84.528102 46.324939 36.124784 4.242641 37.589892 6.324555 65.299311 84.148678 31.064449 36.400549 32.649655 1.414214 38.418745 73.790243 7.071068 31.240999 36.235342 31.256999 36.496575 52.801515 30.016662 68.883960 25.079872 4.472136 87.206651 74.094534 11.661904 3.162278 66.007575 30.265492 0.000000 66.843100 93.048375 40.224371 55.713553 8.062258 32.015621 5.385165 35.693137 29.017236 31.256999 38.275318 28.017851 12.083046 41.109610 38.288379 36.796739 31.622777 5.000000 2.236068 87.051709 31.780497 84.864598 29.068884 32.140317 34.713110 32.015621 78.721026 
40 74.108029 69.462220 44.271887 4.242641 26.419690 24.596748 43.382024 60.802960 37.161808 21.400935 47.759816 67.424031 30.610456 72.801099 2.000000 18.788294 48.754487 75.133215 74.953319 68.249542 76.941536 16.643317 73.878278 74.215901 32.015621 50.566788 50.596443 30.594117 46.529560 2.236068 51.623638 68.818602 73.409809 36.796739 78.409183 68.014704 45.221676 50.990195 66.843100 0.000000 48.846699 75.538070 33.526109 74.813100 54.230987 69.634761 51.865210 48.764741 50.566788 29.000000 47.507894 78.600254 79.762146 78.089692 78.447435 71.805292 71.840100 66.400301 71.063352 53.310412 19.235384 49.648766 49.244289 52.201533 54.230987 34.132096 
41 68.600292 72.862885 87.143560 47.413078 38.832976 34.132096 84.000000 86.377080 11.704700 62.289646 90.049986 91.389277 69.000000 97.169954 48.104054 38.897301 89.022469 79.931220 82.219219 94.339811 80.610173 63.285069 99.538937 82.328610 70.007142 91.021975 93.048375 40.521599 86.052310 47.423623 89.358827 92.703829 39.000000 18.973666 102.459748 95.519631 93.984041 91.049437 93.048375 48.846699 0.000000 77.794601 37.336309 99.403219 95.021050 93.107465 94.021274 88.090862 91.021975 66.007575 86.145226 101.980390 82.073138 82.024387 83.450584 79.511006 97.308787 91.547802 36.000000 94.021274 39.597980 89.089842 90.005555 94.005319 95.021050 16.031220 
42 13.038405 6.082763 69.354164 78.917679 93.637599 56.648036 63.529521 37.483330 73.817342 62.513998 69.115845 36.055513 57.974132 38.910153 73.552702 86.977008 64.350602 4.123106 8.246211 40.496913 3.162278 89.000000 42.047592 9.486833 57.280014 65.459911 70.724819 47.434165 61.911227 76.791927 59.405387 36.359318 56.612719 61.611687 41.109610 43.266615 95.273291 64.637450 40.224371 75.538070 77.794601 0.000000 47.010637 40.311289 67.801180 35.846897 70.455660 62.128898 65.459911 56.293872 60.207973 39.849718 4.472136 4.472136 6.324555 8.602325 40.706265 38.013156 57.584720 67.201190 87.931792 62.681736 65.734314 69.634761 67.801180 68.505474 
43 42.426407 41.146081 55.027266 35.693137 46.840154 10.049876 50.695167 49.040799 29.410882 33.015148 57.280014 54.129474 36.400549 59.933296 31.622777 40.607881 55.108983 47.885280 49.091751 57.008771 49.193496 49.769469 62.241465 48.826222 37.000000 57.070132 60.166436 4.472136 51.971146 33.955854 54.230987 55.461698 43.600459 18.384776 65.299311 58.189346 70.178344 56.885851 55.713553 33.526109 37.336309 47.010637 0.000000 62.169124 61.000000 55.901699 60.876925 53.758720 57.070132 33.241540 51.623638 64.884513 51.478151 50.537115 51.478151 46.043458 60.008333 54.230987 41.880783 60.016664 41.593269 54.744863 56.293872 60.638272 61.000000 23.600847 
44 52.201533 39.293765 45.177428 79.025312 99.724621 67.955868 40.607881 14.142136 91.301698 54.378304 43.011626 8.062258 45.650849 2.236068 73.246160 91.967386 38.052595 36.249138 32.202484 6.708204 38.013156 81.841310 2.236068 30.870698 44.294469 38.000000 43.046487 59.539903 37.336309 76.837491 32.062439 6.708204 91.005494 80.529498 3.605551 8.062258 73.061618 37.000000 8.062258 74.813100 99.403219 40.311289 62.169124 0.000000 38.209946 6.324555 42.107007 36.124784 38.000000 46.324939 35.355339 4.123106 40.311289 37.589892 35.846897 31.953091 3.162278 8.485281 91.087870 38.118237 92.698436 36.055513 39.012818 41.109610 38.209946 85.475143 
45 75.663730 63.780875 10.630146 58.180753 80.529498 61.008196 11.180340 31.304952 84.214013 33.955854 7.071068 35.735137 26.076810 37.483330 53.488316 73.006849 6.000000 64.637450 61.587336 32.756679 66.850580 53.907328 36.124784 60.207973 25.019992 4.000000 5.385165 56.718604 9.055385 56.462377 8.485281 36.400549 101.950969 77.103826 41.048752 30.413813 35.693137 4.123106 32.015621 54.230987 95.021050 67.801180 61.000000 38.209946 0.000000 37.363083 4.123106 7.280110 4.000000 29.017236 9.486833 42.107007 69.892775 67.119297 66.037868 59.640590 35.355339 33.526109 100.900942 1.000000 73.409809 6.324555 5.099020 3.162278 0.000000 79.056942 
46 47.169906 34.176015 43.046487 73.817342 94.175368 61.854668 38.013156 8.944272 85.088190 49.648766 41.303753 2.236068 41.231056 4.123106 68.007353 86.452299 36.221541 31.906112 28.017851 5.000000 33.837849 77.472576 7.000000 26.627054 39.924930 36.496575 41.773197 53.338541 35.014283 71.610055 30.265492 1.000000 85.005882 74.249579 9.433981 7.810250 71.063352 35.510562 5.385165 69.634761 93.107465 35.846897 55.901699 6.324555 37.363083 0.000000 41.000000 34.132096 36.496575 41.593269 33.015148 9.219544 36.400549 33.600595 32.015621 27.294688 5.099020 4.000000 85.023526 37.107951 87.206651 34.234486 37.336309 40.024992 37.363083 79.259069 
47 77.833155 66.219333 7.615773 55.713553 78.000000 60.207973 10.198039 34.539832 83.024093 32.249031 4.123106 39.293765 25.079872 41.303753 51.244512 70.576200 6.403124 67.416615 64.498062 36.496575 69.641941 50.606324 40.049969 63.134776 24.186773 5.000000 1.414214 56.515485 9.433981 54.083269 11.180340 40.024992 102.552426 76.419893 45.011110 34.234486 31.575307 5.830952 35.693137 51.865210 94.021274 70.455660 60.876925 42.107007 4.123106 41.000000 0.000000 8.485281 5.000000 28.160256 10.630146 46.043458 72.718636 69.971423 68.963759 62.433965 39.204592 37.107951 101.390335 4.000000 70.936591 7.810250 5.000000 1.000000 4.123106 78.006410 
48 69.354164 57.801384 9.055385 52.839379 75.179785 54.009258 5.656854 26.925824 77.414469 27.856777 7.280110 32.249031 19.416488 35.014283 47.853944 67.535176 2.236068 59.169249 56.356011 30.000000 61.400326 50.249378 34.234486 55.009090 18.248288 3.605551 8.602325 49.497475 2.236068 51.000000 4.123106 33.136083 94.704805 70.028566 39.319207 28.071338 37.000000 3.162278 29.017236 48.764741 88.090862 62.128898 53.758720 36.124784 7.280110 34.132096 8.485281 0.000000 3.605551 22.203603 2.236068 40.199502 64.498062 61.773781 60.827625 54.203321 33.060551 30.149627 93.637599 6.324555 68.000000 1.000000 3.605551 7.810250 7.280110 72.173402 
49 72.862885 61.220911 8.062258 54.561891 76.922038 57.008771 7.280110 29.732137 80.224684 30.083218 5.099020 34.713110 22.090722 37.054015 49.769469 69.354164 2.000000 62.433965 59.539903 32.140317 64.660653 50.931326 36.013886 58.180753 21.023796 0.000000 5.385165 52.773099 5.099020 52.801515 6.324555 35.510562 98.234414 73.109507 41.048752 30.016662 35.128336 1.000000 31.256999 50.566788 91.021975 65.459911 57.070132 38.000000 4.000000 36.496575 5.000000 3.605551 0.000000 25.019992 5.830952 42.011903 67.742158 65.000000 64.007812 57.454330 35.014283 32.557641 97.144223 3.000000 69.778220 2.828427 1.414214 4.242641 4.000000 75.059976 
50 59.506302 50.695167 21.840330 33.241540 55.000000 32.062439 18.027756 32.649655 55.226805 8.062258 24.331050 39.357337 3.162278 44.418465 27.658633 47.201695 23.021729 54.589376 53.150729 39.661064 56.718604 36.055513 45.221676 52.086467 4.000000 25.019992 27.294688 28.792360 20.099751 31.144823 24.041631 40.706265 76.157731 48.259714 49.929951 39.204592 40.496913 25.079872 38.275318 29.000000 66.007575 56.293872 33.241540 46.324939 29.017236 41.593269 28.160256 22.203603 25.019992 0.000000 20.396078 50.249378 59.841457 57.558666 57.314920 50.249378 43.266615 38.078866 74.706091 28.017851 47.801674 23.194827 24.000000 28.071338 29.017236 50.039984 
51 67.268120 55.803226 10.049876 51.623638 73.925638 52.038447 5.385165 25.495098 75.538070 26.400758 8.944272 31.064449 17.720045 34.132096 46.529560 66.241981 4.242641 57.306195 54.561891 29.068884 59.539903 49.678969 33.541020 53.225934 16.492423 5.830952 10.630146 47.381431 2.000000 49.739320 4.242641 32.015621 92.477024 68.007353 38.639358 27.294688 38.052595 5.385165 28.017851 47.507894 86.145226 60.207973 51.623638 35.355339 9.486833 33.015148 10.630146 2.236068 5.830952 20.396078 0.000000 39.458839 62.649820 59.941638 59.033889 52.354560 32.249031 29.017236 91.416629 8.544004 66.730802 3.162278 5.656854 10.000000 9.486833 70.256672 
52 52.172790 39.458839 49.254441 82.800966 103.324731 71.028163 44.721360 17.804494 94.154129 58.309519 47.042534 11.313708 49.648766 5.830952 77.006493 95.587656 42.107007 35.735137 31.622777 10.770330 37.336309 85.866175 6.000000 30.364453 48.301139 42.011903 47.010637 62.433965 41.436699 80.603970 36.124784 9.899495 92.135769 83.186537 1.414214 12.165525 77.103826 41.012193 12.083046 78.600254 101.980390 39.849718 64.884513 4.123106 42.107007 9.219544 46.043458 40.199502 42.011903 50.249378 39.458839 0.000000 39.395431 36.769553 34.928498 31.780497 7.280110 12.206556 92.347171 42.047592 96.332757 40.112342 43.046487 45.044423 42.107007 88.323270 
53 15.811388 10.440307 72.013888 83.186537 98.081599 61.098281 66.211781 39.051248 78.236820 66.272166 71.589105 36.878178 61.392182 39.115214 77.781746 91.394748 66.730802 5.385165 8.485281 41.231056 3.162278 93.021503 42.190046 9.899495 60.638272 67.742158 73.061618 51.865210 64.412732 81.049368 61.587336 37.013511 59.808026 66.030296 40.718546 44.045431 98.351411 66.887966 41.109610 79.762146 82.073138 4.472136 51.478151 40.311289 69.892775 36.400549 72.718636 64.498062 67.742158 59.841457 62.649820 39.395431 0.000000 2.828427 4.472136 10.295630 41.048752 38.948684 60.926185 69.339743 92.347171 65.000000 68.095521 71.867934 69.892775 72.945185 
54 17.262677 9.433981 69.354164 81.584312 96.932967 60.008333 63.560994 36.235342 77.801028 64.124878 68.883960 34.058773 59.033889 36.359318 76.118329 90.138782 64.007812 3.000000 5.656854 38.418745 1.414214 91.087870 39.446166 7.071068 58.249464 65.000000 70.327804 50.695167 61.717096 79.429214 58.830264 34.205263 61.032778 65.604878 38.078866 41.231056 95.817535 64.140471 38.288379 78.089692 82.024387 4.472136 50.537115 37.589892 67.119297 33.600595 69.971423 61.773781 65.000000 57.558666 59.941638 36.769553 2.828427 0.000000 2.000000 7.615773 38.275318 36.124784 62.032250 66.573268 91.082380 62.265560 65.368188 69.115845 67.119297 72.422372 
55 19.235384 10.630146 68.541958 82.000000 97.693398 60.835845 62.769419 35.000000 79.025312 64.031242 67.977938 32.557641 58.694122 34.669872 76.485293 90.824006 63.063460 3.605551 4.472136 36.878178 3.162278 91.197588 37.735925 5.830952 57.870545 64.007812 69.354164 51.478151 60.835845 79.831072 57.801384 32.649655 62.936476 66.843100 36.249138 39.698866 95.210294 63.134776 36.796739 78.447435 83.450584 6.324555 51.478151 35.846897 66.037868 32.015621 68.963759 60.827625 64.007812 57.314920 59.033889 34.928498 4.472136 2.000000 0.000000 7.071068 36.619667 34.655447 63.906181 65.513357 91.760558 61.294372 64.412732 68.095521 66.037868 73.600272 
56 20.396078 8.062258 61.741396 75.432089 91.706052 55.072679 55.946403 29.000000 74.330344 57.008771 61.294372 27.459060 51.623638 30.463092 69.856997 84.693565 56.435804 5.000000 3.162278 31.906112 7.211103 84.291162 33.615473 2.828427 50.803543 57.454330 62.769419 45.650849 54.120237 73.246160 51.312766 27.784888 62.169124 62.241465 32.984845 34.669872 88.232647 56.603887 31.622777 71.805292 79.511006 8.602325 46.043458 31.953091 59.640590 27.294688 62.433965 54.203321 57.454330 50.249378 52.354560 31.780497 10.295630 7.615773 7.071068 0.000000 32.202484 29.410882 62.817195 59.076222 85.615419 54.708317 57.801384 61.587336 59.640590 68.767725 
57 52.201533 39.217343 42.107007 76.059187 96.876210 65.513357 37.483330 11.401754 89.005618 51.312766 40.000000 6.082763 42.544095 2.236068 70.292247 89.106678 35.014283 36.715120 32.756679 3.605551 38.587563 78.714675 2.236068 31.384710 41.182521 35.014283 40.112342 57.245087 34.234486 73.878278 29.017236 5.000000 90.022219 78.390050 6.708204 5.000000 70.028566 34.014703 5.000000 71.840100 97.308787 40.706265 60.008333 3.162278 35.355339 5.099020 39.204592 33.060551 35.014283 43.266615 32.249031 7.280110 41.048752 38.275318 36.619667 32.202484 0.000000 5.830952 90.005555 35.227830 89.827613 33.015148 36.000000 38.209946 35.355339 83.186537 
58 48.754487 35.777088 39.051248 70.604532 91.241438 59.682493 34.014703 5.656854 83.186537 46.141088 37.336309 2.236068 37.576588 6.403124 64.815122 83.486526 32.249031 34.205263 30.479501 3.000000 36.235342 73.824115 8.062258 29.068884 36.249138 32.557641 37.854986 51.429563 31.016125 68.410526 26.305893 3.000000 85.146932 72.615425 12.041595 5.385165 67.067131 31.575307 2.236068 66.400301 91.547802 38.013156 54.230987 8.485281 33.526109 4.000000 37.107951 30.149627 32.557641 38.078866 29.017236 12.206556 38.948684 36.124784 34.655447 29.410882 5.830952 0.000000 85.023526 33.241540 84.219950 30.265492 33.376639 36.138622 33.526109 77.369245 
59 45.188494 54.817880 96.176920 71.610055 71.470274 47.381431 91.389277 81.221918 41.484937 74.886581 98.086696 84.000000 77.826731 89.050547 69.526973 68.942005 95.273291 61.032778 64.560050 88.022724 60.745370 87.618491 92.021737 65.253352 78.262379 97.144223 100.846418 46.324939 92.114060 70.604532 93.300589 85.005882 3.000000 34.985711 93.263069 90.088845 111.825757 96.798760 87.051709 71.063352 36.000000 57.584720 41.880783 91.087870 100.900942 85.023526 101.390335 93.637599 97.144223 74.706091 91.416629 92.347171 60.926185 62.032250 63.906181 62.817195 90.005555 85.023526 0.000000 99.959992 69.856997 94.578010 96.566040 101.019800 100.900942 40.311289 
60 74.953319 63.126856 9.899495 57.271284 79.624117 60.008333 10.198039 30.870698 83.216585 32.984845 6.403124 35.440090 25.079872 37.336309 52.554733 72.090221 5.000000 64.070274 61.057350 32.557641 66.287254 53.150729 36.055513 59.682493 24.020824 3.000000 5.099020 55.731499 8.062258 55.542776 7.810250 36.138622 101.019800 76.105190 41.012193 30.265492 35.510562 3.162278 31.780497 53.310412 94.021274 67.201190 60.016664 38.118237 1.000000 37.107951 4.000000 6.324555 3.000000 28.017851 8.544004 42.047592 69.339743 66.573268 65.513357 59.076222 35.227830 33.241540 99.959992 0.000000 72.498276 5.385165 4.123106 3.000000 1.000000 78.057671 
