#

param c:
    1  2  3  4  5  6  7  8  9 10 11 12 13 14 15 16 17 18 19 20 21 22 23 24 25 26 27 28 29 30 31 32 33 34 35 36 37 38 39 40 41 42 43 44 45 46 47 48 49 50 51 52 53 54 55 56 57 58 59 60 61 62 63 64 :=
 1 0.000000 21.540659 48.083261 19.697716 52.000000 48.703183 75.286121 14.422205 24.083189 22.803509 25.806976 29.120440 25.495098 31.016125 49.658836 44.384682 29.017236 18.384776 26.076810 42.544095 43.657760 25.495098 48.020829 41.593269 46.238512 41.593269 21.023796 26.870058 35.693137 26.000000 15.811388 19.849433 19.235384 21.023796 31.144823 47.853944 46.065171 22.671568 28.319605 46.065171 33.970576 19.235384 47.010637 29.427878 67.007462 67.007462 17.492856 25.059928 46.065171 27.459060 26.076810 53.535035 24.041631 72.622311 21.400935 50.219518 33.015148 42.544095 68.600292 50.537115 46.065171 26.419690 23.194827 48.104054 
 2 21.540659 0.000000 38.470768 41.231056 73.539105 70.228199 84.403791 17.888544 24.083189 43.908997 45.453273 45.607017 45.803930 44.294469 71.175839 65.924199 41.593269 22.135944 45.343136 64.078077 33.376639 25.019992 69.354164 29.017236 67.779053 29.017236 9.055385 27.018512 50.774009 43.863424 18.384776 24.041631 40.718546 39.623226 29.154759 69.354164 67.542579 43.566042 29.017236 33.015148 31.400637 17.262677 35.014283 9.486833 75.802375 75.802375 17.720045 43.863424 67.542579 7.615773 45.343136 74.793048 3.162278 81.400246 21.213203 71.344236 46.065171 31.144823 77.006493 72.013888 67.542579 45.276926 5.830952 37.121422 
 3 48.083261 38.470768 0.000000 62.769419 90.553851 86.278618 63.150614 54.037024 62.128898 68.000000 73.006849 77.201036 72.013888 78.447435 89.274856 83.630138 76.118329 59.008474 73.539105 82.328610 5.099020 63.198101 89.810912 10.295630 84.958814 10.295630 47.518417 65.192024 83.677954 74.000000 55.009090 61.008196 63.134776 68.949257 67.601775 87.965902 86.683332 68.425142 67.186308 8.602325 69.871310 55.081757 5.830952 43.657760 55.443665 55.443665 55.009090 72.801099 86.683332 43.011626 73.539105 95.425364 40.024992 60.016664 59.076222 93.005376 80.411442 7.615773 55.731499 90.785461 86.683332 74.094534 43.931765 3.162278 
 4 19.697716 41.231056 62.769419 0.000000 32.310989 29.120440 72.498276 30.000000 36.878178 6.000000 13.341664 22.360680 11.045361 28.600699 29.966648 24.698178 28.319605 31.400637 14.560220 22.847319 59.076222 38.078866 28.600699 58.258047 26.570661 58.258047 39.623226 38.600518 29.154759 17.888544 31.016125 31.780497 1.414214 14.212670 43.011626 28.178006 26.419690 7.071068 39.217343 62.625873 45.541190 35.014283 63.007936 48.764741 65.192024 65.192024 33.015148 15.231546 26.419690 46.840154 14.560220 34.205263 43.657760 70.384657 35.355339 31.144823 30.232433 58.600341 67.067131 30.886890 26.419690 15.811388 42.449971 63.513778 
 5 52.000000 73.539105 90.553851 32.310989 0.000000 4.472136 78.000000 61.188234 66.121101 30.594117 33.015148 40.792156 31.016125 48.270074 3.162278 7.615773 49.819675 61.400326 34.058773 9.486833 87.692645 67.067131 8.602325 87.965902 5.830952 87.965902 71.568149 67.007462 43.657760 38.209946 61.983869 61.204575 32.893768 39.012818 71.007042 5.099020 7.071068 31.400637 67.007462 92.097774 73.061618 65.924199 91.967386 80.956779 73.334848 73.334848 63.953108 36.055513 7.071068 79.056942 34.058773 9.486833 75.960516 77.058419 65.375837 11.401754 48.764741 87.783825 75.325958 4.242641 7.071068 35.128336 74.632433 91.923882 
 6 48.703183 70.228199 86.278618 29.120440 4.472136 0.000000 74.027022 58.549125 64.000000 28.071338 31.400637 39.849718 29.154759 47.434165 5.099020 5.099020 48.764741 59.076222 32.557641 7.071068 83.486526 65.007692 10.295630 83.868945 3.162278 83.868945 68.658576 65.069194 43.382024 36.878178 59.413803 59.008474 29.832868 37.121422 69.180922 5.830952 7.071068 29.017236 65.192024 87.965902 71.344236 63.387696 87.783825 77.884530 69.180922 69.180922 61.400326 34.525353 7.071068 75.960516 32.557641 13.038405 72.732386 73.006849 63.071388 13.928388 48.104054 83.630138 71.175839 7.071068 7.071068 33.734256 71.568149 87.692645 
 7 75.286121 84.403791 63.150614 72.498276 78.000000 74.027022 0.000000 89.196412 99.156442 78.000000 85.615419 94.847246 83.006024 100.647901 79.056942 75.325958 99.849887 93.605555 86.925255 75.538070 65.253352 100.568385 83.294658 70.213959 75.166482 70.213959 90.785461 102.068604 101.636608 90.376988 90.609050 95.131488 73.824115 86.313383 106.216760 79.158070 79.309520 79.309520 103.585713 71.063352 109.041277 93.348808 68.658576 93.477270 8.602325 8.602325 91.967386 87.726849 79.309520 91.836812 86.925255 87.051709 87.418534 3.162278 96.260064 87.281155 102.420701 67.720012 7.615773 81.055537 79.309520 88.238314 89.810912 66.287254 
 8 14.422205 17.888544 54.037024 30.000000 61.188234 58.549125 89.196412 0.000000 10.000000 30.594117 29.966648 28.284271 31.016125 26.419690 58.463664 53.758720 23.706539 5.099020 29.529646 51.788030 49.091751 11.401754 55.659680 45.541190 55.731499 45.541190 11.401754 13.038405 33.015148 27.202941 1.414214 7.071068 29.017236 23.706539 17.029386 56.515485 54.571055 29.832868 14.764823 49.819675 19.849433 5.099020 51.478151 21.400935 80.808415 80.808415 3.162278 27.784888 54.571055 19.849433 29.529646 60.745370 18.601075 86.452299 7.071068 57.008771 28.178006 47.265209 82.328610 58.940648 54.571055 29.154759 15.556349 53.235327 
 9 24.083189 24.083189 62.128898 36.878178 66.121101 64.000000 99.156442 10.000000 0.000000 36.055513 33.376639 28.635642 35.128336 24.207437 63.198101 59.008474 21.400935 5.830952 32.557641 57.008771 57.078893 1.414214 59.682493 53.009433 61.008196 53.009433 15.297059 3.162278 31.400637 29.120440 8.602325 5.099020 35.693137 27.166155 7.071068 61.204575 59.211485 35.014283 5.099020 57.078893 9.899495 7.071068 59.008474 23.706539 90.785461 90.785461 7.615773 30.594117 59.211485 22.847319 32.557641 64.327288 23.537205 96.426138 3.162278 60.415230 25.495098 55.009090 92.314679 63.387696 59.211485 31.780497 19.646883 61.008196 
10 22.803509 43.908997 68.000000 6.000000 30.594117 28.071338 78.000000 30.594117 36.055513 0.000000 7.615773 17.204651 5.099020 24.041631 27.892651 23.194827 24.207437 31.016125 8.944272 21.213203 64.140471 37.121422 25.495098 63.007936 25.179357 63.007936 41.109610 37.336309 23.706539 12.806248 31.400637 31.016125 5.099020 10.295630 41.593269 25.961510 24.041631 1.414214 37.656341 67.424031 43.931765 35.355339 67.955868 50.695167 70.837843 70.837843 33.376639 10.000000 24.041631 48.846699 8.944272 30.886890 46.065171 75.960516 35.014283 27.459060 25.495098 63.513778 72.732386 28.460499 24.041631 10.295630 44.384682 68.600292 
11 25.806976 45.453273 73.006849 13.341664 33.015148 31.400637 85.615419 29.966648 33.376639 7.615773 0.000000 9.899495 2.828427 17.204651 30.000000 26.305893 17.888544 29.120440 1.414214 24.331050 68.876701 34.234486 26.305893 67.230945 28.284271 67.230945 41.182521 34.058773 16.124515 5.830952 30.463092 28.635642 12.165525 6.324555 38.000000 28.000000 26.000000 6.324555 34.000000 71.693793 40.049969 34.176015 72.470684 51.107729 78.434686 78.434686 32.310989 3.162278 26.000000 49.396356 1.414214 31.048349 47.201695 83.570330 32.984845 27.202941 18.439089 68.000000 80.324343 30.066593 26.000000 2.828427 44.944410 73.348483 
12 29.120440 45.607017 77.201036 22.360680 40.792156 39.849718 94.847246 28.284271 28.635642 17.204651 9.899495 0.000000 12.727922 7.615773 37.656341 34.785054 9.055385 25.806976 8.485281 32.893768 72.732386 29.154759 33.136083 70.384657 36.687873 70.384657 39.623226 28.460499 7.071068 4.472136 28.319605 24.698178 21.023796 9.055385 31.780497 35.693137 33.734256 15.811388 27.892651 74.846510 33.376639 31.400637 75.960516 49.578221 87.464278 87.464278 29.832868 7.211103 33.734256 48.104054 8.485281 37.013511 46.754679 92.703829 29.154759 33.015148 8.602325 71.512237 89.319651 37.336309 33.734256 7.071068 43.840620 77.162167 
13 25.495098 45.803930 72.013888 11.045361 31.016125 29.154759 83.006024 31.016125 35.128336 5.099020 2.828427 12.727922 0.000000 20.000000 28.071338 24.083189 20.591260 30.594117 4.242641 22.090722 68.000000 36.055513 24.738634 66.573268 26.076810 66.573268 42.047592 36.000000 18.867962 8.602325 31.622777 30.265492 10.000000 8.000000 40.049969 26.076810 24.083189 4.000000 36.055513 71.021124 42.190046 35.440090 71.693793 51.884487 75.894664 75.894664 33.526109 5.830952 24.083189 50.119856 4.242641 29.732137 47.707442 80.993827 34.525353 26.000000 21.260292 67.230945 77.794601 28.284271 24.083189 5.656854 45.650849 72.470684 
14 31.016125 44.294469 78.447435 28.600699 48.270074 47.434165 100.647901 26.419690 24.207437 24.041631 17.204651 7.615773 20.000000 0.000000 45.122057 42.379240 2.828427 22.803509 15.811388 40.496913 73.756356 24.413111 40.447497 70.880181 44.271887 70.880181 37.202150 23.323808 7.211103 11.401754 26.076810 21.260292 27.202941 14.422205 26.000000 43.174066 41.231056 22.627417 22.360680 75.286121 27.202941 28.425341 76.655072 46.861498 93.037627 93.037627 27.202941 14.212670 41.231056 45.607017 15.811388 44.045431 44.944410 98.386991 25.455844 40.049969 2.000000 72.277244 94.847246 44.721360 41.231056 14.422205 41.617304 78.102497 
15 49.658836 71.175839 89.274856 29.966648 3.162278 5.099020 79.056942 58.463664 63.198101 27.892651 30.000000 37.656341 28.071338 45.122057 0.000000 5.656854 46.690470 58.549125 31.016125 7.211103 86.278618 64.124878 5.656854 86.371292 4.472136 86.371292 68.963759 64.031242 40.496913 35.128336 59.228372 58.309519 30.463092 36.055513 68.000000 2.000000 4.000000 28.635642 64.000000 90.553851 70.028566 63.150614 90.509668 78.434686 74.108029 74.108029 61.188234 33.015148 4.000000 76.550637 31.016125 8.000000 73.539105 78.000000 62.513998 8.944272 45.607017 86.278618 76.105190 2.000000 4.000000 32.062439 72.111026 90.553851 
16 44.384682 65.924199 83.630138 24.698178 7.615773 5.099020 75.325958 53.758720 59.008474 23.194827 26.305893 34.785054 24.083189 42.379240 5.656854 0.000000 43.680659 54.147945 27.459060 2.000000 80.622577 60.000000 8.000000 80.721744 2.000000 80.721744 64.031242 60.033324 38.470768 31.780497 54.589376 54.037024 25.298221 32.062439 64.124878 4.472136 4.000000 24.083189 60.133186 84.899941 66.272166 58.549125 84.852814 73.375745 70.000000 70.000000 56.568542 29.427878 4.000000 71.470274 27.459060 12.649111 68.352030 74.108029 58.137767 12.000000 43.081318 80.622577 72.000000 7.211103 4.000000 28.635642 67.052218 84.899941 
17 29.017236 41.593269 76.118329 28.319605 49.819675 48.764741 99.849887 23.706539 21.400935 24.207437 17.888544 9.055385 20.591260 2.828427 46.690470 43.680659 0.000000 20.000000 16.552945 41.761226 71.386273 21.633308 42.190046 68.410526 45.607017 68.410526 34.409301 20.591260 10.000000 12.083046 23.323808 18.439089 26.907248 14.142136 23.409400 44.721360 42.755117 22.803509 19.697716 72.801099 24.738634 25.612497 74.215901 44.045431 92.130342 92.130342 24.413111 14.764823 42.755117 42.801869 16.552945 46.000000 42.190046 97.529483 22.627417 42.000000 4.472136 69.856997 93.914855 46.389654 42.755117 15.231546 38.832976 75.709973 
18 18.384776 22.135944 59.008474 31.400637 61.400326 59.076222 93.605555 5.099020 5.830952 31.016125 29.120440 25.806976 30.594117 22.803509 58.549125 54.147945 20.000000 0.000000 28.460499 52.153619 54.037024 7.211103 55.317267 50.358713 56.142675 50.358713 14.422205 8.485281 29.732137 25.495098 4.000000 2.000000 30.265492 22.803509 12.806248 56.568542 54.589376 30.066593 10.000000 54.589376 15.620499 5.656854 56.320511 24.083189 85.276022 85.276022 4.472136 26.570661 54.589376 22.803509 28.460499 60.166436 22.360680 90.906545 4.000000 56.320511 24.413111 52.153619 86.833173 58.855756 54.589376 27.856777 18.867962 58.137767 
19 26.076810 45.343136 73.539105 14.560220 34.058773 32.557641 86.925255 29.529646 32.557641 8.944272 1.414214 8.485281 4.242641 15.811388 31.016125 27.459060 16.552945 28.460499 0.000000 25.495098 69.354164 33.376639 27.166155 67.601775 29.427878 67.601775 40.816663 33.136083 14.764823 4.472136 29.966648 27.892651 13.341664 5.830952 37.013511 29.017236 27.018512 7.615773 33.015148 72.069411 39.012818 33.615473 72.897188 50.774009 79.711982 79.711982 31.780497 2.000000 27.018512 49.091751 0.000000 31.780497 47.010637 84.864598 32.280025 27.892651 17.029386 68.425142 81.596569 31.016125 27.018512 1.414214 44.654227 73.824115 
20 42.544095 64.078077 82.328610 22.847319 9.486833 7.071068 75.538070 51.788030 57.008771 21.213203 24.331050 32.893768 22.090722 40.496913 7.211103 2.000000 41.761226 52.153619 25.495098 0.000000 79.246451 58.000000 8.246211 79.246451 4.000000 79.246451 62.096699 58.034473 36.715120 29.832868 52.611786 52.038447 23.409400 30.066593 62.128898 5.656854 4.472136 22.090722 58.137767 83.450584 64.280635 56.568542 83.450584 71.470274 70.028566 70.028566 54.589376 27.459060 4.472136 69.570109 25.495098 13.416408 66.483081 74.242845 56.142675 12.165525 41.231056 79.195959 72.027772 8.485281 4.472136 26.683328 65.145990 83.546394 
21 43.657760 33.376639 5.099020 59.076222 87.692645 83.486526 65.253352 49.091751 57.078893 64.140471 68.876701 72.732386 68.000000 73.756356 86.278618 80.622577 71.386273 54.037024 69.354164 79.246451 0.000000 58.137767 86.556340 5.656854 82.024387 5.656854 42.426407 60.133186 79.120162 69.641941 50.039984 56.035703 59.363288 64.621978 62.513998 84.899941 83.546394 64.498062 62.128898 6.000000 64.776539 50.039984 4.472136 38.626416 57.271284 57.271284 50.000000 68.541958 83.546394 37.947332 69.354164 92.195445 34.928498 62.096699 54.037024 89.643739 75.709973 2.828427 57.723479 87.726849 83.546394 69.856997 38.832976 4.472136 
22 25.495098 25.019992 63.198101 38.078866 67.067131 65.007692 100.568385 11.401754 1.414214 37.121422 34.234486 29.154759 36.055513 24.413111 64.124878 60.000000 21.633308 7.211103 33.376639 58.000000 58.137767 0.000000 60.530984 54.000000 62.000000 54.000000 16.124515 2.000000 31.622777 29.832868 10.000000 6.324555 36.878178 28.071338 5.656854 62.128898 60.133186 36.055513 4.000000 58.034473 8.485281 8.246211 60.000000 24.166092 92.195445 92.195445 8.944272 31.400637 60.133186 23.409400 33.376639 65.115282 24.331050 97.836598 4.472136 61.188234 25.612497 56.035703 93.722996 64.280635 60.133186 32.557641 20.396078 62.032250 
23 48.020829 69.354164 89.810912 28.600699 8.602325 10.295630 83.294658 55.659680 59.682493 25.495098 26.305893 33.136083 24.738634 40.447497 5.656854 8.000000 42.190046 55.317267 27.166155 8.246211 86.556340 60.530984 0.000000 86.278618 8.246211 86.278618 66.483081 60.299254 35.440090 31.016125 56.320511 54.918121 28.844410 32.557641 64.124878 4.472136 4.000000 26.000000 60.133186 90.553851 66.030296 60.166436 90.686272 76.157731 78.000000 78.000000 58.240879 29.154759 4.000000 74.323617 27.166155 5.656854 71.554175 82.097503 59.228372 4.000000 40.792156 86.371292 80.000000 4.472136 4.000000 28.071338 69.856997 90.906545 
24 41.593269 29.017236 10.295630 58.258047 87.965902 83.868945 70.213959 45.541190 53.009433 63.007936 67.230945 70.384657 66.573268 70.880181 86.371292 80.721744 68.410526 50.358713 67.601775 79.246451 5.656854 54.000000 86.278618 0.000000 82.219219 0.000000 38.052595 56.000000 76.550637 67.542579 46.389654 52.345009 58.412327 62.609903 58.137767 84.899941 83.450584 63.245553 58.000000 4.472136 60.299254 46.043458 6.000000 33.526109 62.096699 62.096699 46.173586 66.648331 83.450584 32.984845 67.601775 91.934759 30.265492 67.052218 50.039984 89.196412 72.801099 2.828427 62.641839 87.726849 83.450584 68.000000 34.234486 8.246211 
25 46.238512 67.779053 84.958814 26.570661 5.830952 3.162278 75.166482 55.731499 61.008196 25.179357 28.284271 36.687873 26.076810 44.271887 4.472136 2.000000 45.607017 56.142675 29.427878 4.000000 82.024387 62.000000 8.246211 82.219219 0.000000 82.219219 65.969690 62.032250 40.249224 33.734256 56.568542 56.035703 27.202941 34.058773 66.121101 4.000000 4.472136 26.076810 62.128898 86.371292 68.264193 60.530984 86.278618 75.286121 70.028566 70.028566 58.549125 31.400637 4.472136 73.375745 29.427878 12.165525 70.228199 74.027022 60.133186 12.165525 44.944410 82.073138 72.027772 6.324555 4.472136 30.594117 68.963759 86.278618 
26 41.593269 29.017236 10.295630 58.258047 87.965902 83.868945 70.213959 45.541190 53.009433 63.007936 67.230945 70.384657 66.573268 70.880181 86.371292 80.721744 68.410526 50.358713 67.601775 79.246451 5.656854 54.000000 86.278618 0.000000 82.219219 0.000000 38.052595 56.000000 76.550637 67.542579 46.389654 52.345009 58.412327 62.609903 58.137767 84.899941 83.450584 63.245553 58.000000 4.472136 60.299254 46.043458 6.000000 33.526109 62.096699 62.096699 46.173586 66.648331 83.450584 32.984845 67.601775 91.934759 30.265492 67.052218 50.039984 89.196412 72.801099 2.828427 62.641839 87.726849 83.450584 68.000000 34.234486 8.246211 
27 21.023796 9.055385 47.518417 39.623226 71.568149 68.658576 90.785461 11.401754 15.297059 41.109610 41.182521 39.623226 42.047592 37.202150 68.963759 64.031242 34.409301 14.422205 40.816663 62.096699 42.426407 16.124515 66.483081 38.052595 65.969690 38.052595 0.000000 18.110770 44.045431 38.600518 11.313708 16.124515 38.832976 34.985711 20.099751 67.052218 65.145990 40.496913 20.099751 42.000000 22.360680 8.944272 44.045431 10.000000 82.219219 82.219219 10.000000 39.115214 65.145990 8.485281 40.816663 71.693793 8.246211 87.863531 12.649111 68.029405 38.832976 40.199502 83.546394 69.570109 65.145990 40.496913 4.472136 46.173586 
28 26.870058 27.018512 65.192024 38.600518 67.007462 65.069194 102.068604 13.038405 3.162278 37.336309 34.058773 28.460499 36.000000 23.323808 64.031242 60.033324 20.591260 8.485281 33.136083 58.034473 60.133186 2.000000 60.299254 56.000000 62.032250 56.000000 18.110770 0.000000 30.528675 29.427878 11.661904 7.211103 37.363083 28.000000 4.472136 62.032250 60.033324 36.221541 2.000000 60.033324 7.211103 10.198039 62.000000 26.000000 93.722996 93.722996 10.770330 31.144823 60.033324 25.298221 33.136083 64.776539 26.305893 99.357939 6.324555 60.827625 24.413111 58.034473 95.268043 64.124878 60.033324 32.249031 22.360680 64.031242 
29 35.693137 50.774009 83.677954 29.154759 43.657760 43.382024 101.636608 33.015148 31.400637 23.706539 16.124515 7.071068 18.867962 7.211103 40.496913 38.470768 10.000000 29.732137 14.764823 36.715120 79.120162 31.622777 35.440090 76.550637 40.249224 76.550637 44.045431 30.528675 0.000000 11.401754 32.802439 28.284271 27.856777 16.124515 33.105891 38.626416 36.769553 22.360680 29.529646 80.993827 34.176015 35.383612 82.219219 53.814496 94.339811 94.339811 34.058773 13.928388 36.769553 52.497619 14.764823 38.470768 51.613952 99.538937 32.557641 34.525353 6.324555 77.794601 96.208108 39.849718 36.769553 13.416408 48.414874 83.522452 
30 26.000000 43.863424 74.000000 17.888544 38.209946 36.878178 90.376988 27.202941 29.120440 12.806248 5.830952 4.472136 8.602325 11.401754 35.128336 31.780497 12.083046 25.495098 4.472136 29.832868 69.641941 29.832868 31.016125 67.542579 33.734256 67.542579 38.600518 29.427878 11.401754 0.000000 27.459060 24.698178 16.552945 5.099020 33.136083 33.136083 31.144823 11.401754 29.154759 72.013888 35.014283 30.886890 73.006849 48.600412 83.006024 83.006024 29.154759 2.828427 31.144823 47.010637 4.472136 35.355339 45.276926 88.238314 29.154759 31.400637 12.727922 68.541958 84.864598 35.014283 31.144823 3.162278 42.638011 74.094534 
31 15.811388 18.384776 55.009090 31.016125 61.983869 59.413803 90.609050 1.414214 8.602325 31.400637 30.463092 28.319605 31.622777 26.076810 59.228372 54.589376 23.323808 4.000000 29.966648 52.611786 50.039984 10.000000 56.320511 46.389654 56.568542 46.389654 11.313708 11.661904 32.802439 27.459060 0.000000 6.000000 30.000000 24.166092 15.620499 57.271284 55.317267 30.594117 13.416408 50.635956 18.439089 4.000000 52.345009 21.260292 82.219219 82.219219 2.000000 28.178006 55.317267 19.798990 29.966648 61.351447 18.867962 87.863531 5.656854 57.584720 27.784888 48.166378 83.737686 59.665736 55.317267 29.529646 15.620499 54.147945 
32 19.849433 24.041631 61.008196 31.780497 61.204575 59.008474 95.131488 7.071068 5.099020 31.016125 28.635642 24.698178 30.265492 21.260292 58.309519 54.037024 18.439089 2.000000 27.892651 52.038447 56.035703 6.324555 54.918121 52.345009 56.035703 52.345009 16.124515 7.211103 28.284271 24.698178 6.000000 0.000000 30.594117 22.360680 11.661904 56.320511 54.332311 30.000000 8.485281 56.568542 14.422205 7.211103 58.309519 25.612497 86.833173 86.833173 6.324555 25.961510 54.332311 24.413111 27.892651 59.665736 24.166092 92.455395 4.472136 55.785303 22.803509 54.147945 88.408144 58.549125 54.332311 27.202941 20.591260 60.133186 
33 19.235384 40.718546 63.134776 1.414214 32.893768 29.832868 73.824115 29.017236 35.693137 5.099020 12.165525 21.023796 10.000000 27.202941 30.463092 25.298221 26.907248 30.265492 13.341664 23.409400 59.363288 36.878178 28.844410 58.412327 27.202941 58.412327 38.832976 37.363083 27.856777 16.552945 30.000000 30.594117 0.000000 12.806248 41.761226 28.635642 26.832816 6.000000 37.947332 62.801274 44.271887 34.000000 63.245553 48.083261 66.483081 66.483081 32.000000 13.928388 26.832816 46.173586 13.341664 34.409301 43.081318 71.693793 34.234486 31.240999 28.844410 58.821765 68.352030 31.304952 26.832816 14.560220 41.761226 63.812225 
34 21.023796 39.623226 68.949257 14.212670 39.012818 37.121422 86.313383 23.706539 27.166155 10.295630 6.324555 9.055385 8.000000 14.422205 36.055513 32.062439 14.142136 22.803509 5.830952 30.066593 64.621978 28.071338 32.557641 62.609903 34.058773 62.609903 34.985711 28.000000 16.124515 5.099020 24.166092 22.360680 12.806248 0.000000 32.062439 34.058773 32.062439 8.944272 28.071338 67.082039 34.234486 27.856777 68.029405 44.944410 78.790862 78.790862 26.000000 4.242641 32.062439 43.266615 5.830952 37.363083 41.231056 84.095184 26.683328 33.526109 16.124515 63.560994 80.622577 36.221541 32.062439 5.656854 38.832976 69.079664 
35 31.144823 29.154759 67.601775 43.011626 71.007042 69.180922 106.216760 17.029386 7.071068 41.593269 38.000000 31.780497 40.049969 26.000000 68.000000 64.124878 23.409400 12.806248 37.013511 62.128898 62.513998 5.656854 64.124878 58.137767 66.121101 58.137767 20.099751 4.472136 33.105891 33.136083 15.620499 11.661904 41.761226 32.062439 0.000000 66.000000 64.000000 40.447497 4.000000 62.032250 2.828427 13.416408 64.124878 26.683328 97.836598 97.836598 14.422205 35.014283 64.000000 26.305893 37.013511 68.468971 28.000000 103.479467 10.000000 64.498062 26.832816 60.299254 99.357939 68.029405 64.000000 36.055513 24.000000 66.272166 
36 47.853944 69.354164 87.965902 28.178006 5.099020 5.830952 79.158070 56.515485 61.204575 25.961510 28.000000 35.693137 26.076810 43.174066 2.000000 4.472136 44.721360 56.568542 29.017236 5.656854 84.899941 62.128898 4.472136 84.899941 4.000000 84.899941 67.052218 62.032250 38.626416 33.136083 57.271284 56.320511 28.635642 34.058773 66.000000 0.000000 2.000000 26.683328 62.000000 89.106678 68.029405 61.188234 89.106678 76.550637 74.027022 74.027022 59.228372 31.016125 2.000000 74.672619 29.017236 8.246211 71.693793 78.025637 60.530984 8.246211 43.680659 84.852814 76.026311 2.828427 2.000000 30.066593 70.228199 89.196412 
37 46.065171 67.542579 86.683332 26.419690 7.071068 7.071068 79.309520 54.571055 59.211485 24.041631 26.000000 33.734256 24.083189 41.231056 4.000000 4.000000 42.755117 54.589376 27.018512 4.472136 83.546394 60.133186 4.000000 83.450584 4.472136 83.450584 65.145990 60.033324 36.769553 31.144823 55.317267 54.332311 26.832816 32.062439 64.000000 2.000000 0.000000 24.738634 60.000000 87.681241 66.030296 59.228372 87.726849 74.672619 74.000000 74.000000 57.271284 29.017236 0.000000 72.801099 27.018512 8.944272 69.856997 78.102497 58.549125 8.000000 41.761226 83.450584 76.000000 4.472136 0.000000 28.071338 68.352030 87.863531 
38 22.671568 43.566042 68.425142 7.071068 31.400637 29.017236 79.309520 29.832868 35.014283 1.414214 6.324555 15.811388 4.000000 22.627417 28.635642 24.083189 22.803509 30.066593 7.615773 22.090722 64.498062 36.055513 26.000000 63.245553 26.076810 63.245553 40.496913 36.221541 22.360680 11.401754 30.594117 30.000000 6.000000 8.944272 40.447497 26.683328 24.738634 0.000000 36.496575 67.675697 42.755117 34.525353 68.264193 50.159745 72.111026 72.111026 32.557641 8.602325 24.738634 48.332184 7.615773 31.304952 45.650849 77.252832 34.058773 27.784888 24.083189 63.812225 74.000000 29.120440 24.738634 8.944272 43.863424 68.963759 
39 28.319605 29.017236 67.186308 39.217343 67.007462 65.192024 103.585713 14.764823 5.099020 37.656341 34.000000 27.892651 36.055513 22.360680 64.000000 60.133186 19.697716 10.000000 33.015148 58.137767 62.128898 4.000000 60.133186 58.000000 62.128898 58.000000 20.099751 2.000000 29.529646 29.154759 13.416408 8.485281 37.947332 28.071338 4.000000 62.000000 60.000000 36.496575 0.000000 62.032250 6.324555 12.165525 64.000000 27.856777 95.268043 95.268043 12.649111 31.016125 60.000000 27.202941 33.015148 64.498062 28.284271 100.895986 8.246211 60.530984 23.323808 60.033324 96.829747 64.031242 60.000000 32.062439 24.331050 66.030296 
40 46.065171 33.015148 8.602325 62.625873 92.097774 87.965902 71.063352 49.819675 57.078893 67.424031 71.693793 74.846510 71.021124 75.286121 90.553851 84.899941 72.801099 54.589376 72.069411 83.450584 6.000000 58.034473 90.553851 4.472136 86.371292 4.472136 42.000000 60.033324 80.993827 72.013888 50.635956 56.568542 62.801274 67.082039 62.032250 89.106678 87.681241 67.675697 62.032250 0.000000 64.124878 50.159745 2.828427 36.878178 63.150614 63.150614 50.358713 71.119618 87.681241 36.496575 72.069411 96.208108 34.058773 67.911707 54.147945 93.509358 77.201036 4.472136 63.560994 91.934759 87.681241 72.470684 38.052595 5.656854 
41 33.970576 31.400637 69.871310 45.541190 73.061618 71.344236 109.041277 19.849433 9.899495 43.931765 40.049969 33.376639 42.190046 27.202941 70.028566 66.272166 24.738634 15.620499 39.012818 64.280635 64.776539 8.485281 66.030296 60.299254 68.264193 60.299254 22.360680 7.211103 34.176015 35.014283 18.439089 14.422205 44.271887 34.234486 2.828427 68.029405 66.030296 42.755117 6.324555 64.124878 0.000000 16.124515 66.272166 28.284271 100.657836 100.657836 17.204651 37.013511 66.030296 28.071338 39.012818 70.256672 30.066593 106.301458 12.806248 66.272166 27.856777 62.513998 102.176318 70.000000 66.030296 38.000000 26.076810 68.468971 
42 19.235384 17.262677 55.081757 35.014283 65.924199 63.387696 93.348808 5.099020 7.071068 35.355339 34.176015 31.400637 35.440090 28.425341 63.150614 58.549125 25.612497 5.656854 33.615473 56.568542 50.039984 8.246211 60.166436 46.043458 60.530984 46.043458 8.944272 10.198039 35.383612 30.886890 4.000000 7.211103 34.000000 27.856777 13.416408 61.188234 59.228372 34.525353 12.165525 50.159745 16.124515 0.000000 52.038447 18.439089 84.899941 84.899941 2.000000 31.780497 59.228372 17.204651 33.615473 65.145990 17.088007 90.553851 4.000000 61.351447 30.000000 48.000000 86.371292 63.560994 59.228372 33.105891 13.416408 54.000000 
43 47.010637 35.014283 5.830952 63.007936 91.967386 87.783825 68.658576 51.478151 59.008474 67.955868 72.470684 75.960516 71.693793 76.655072 90.509668 84.852814 74.215901 56.320511 72.897188 83.450584 4.472136 60.000000 90.686272 6.000000 86.278618 6.000000 44.045431 62.000000 82.219219 73.006849 52.345009 58.309519 63.245553 68.029405 64.124878 89.106678 87.726849 68.264193 64.000000 2.828427 66.272166 52.038447 0.000000 39.293765 60.827625 60.827625 52.153619 72.013888 87.726849 38.832976 72.897188 96.332757 36.221541 65.513357 56.035703 93.722996 78.587531 4.472136 61.188234 91.934759 87.726849 73.348483 40.199502 2.828427 
44 29.427878 9.486833 43.657760 48.764741 80.956779 77.884530 93.477270 21.400935 23.706539 50.695167 51.107729 49.578221 51.884487 46.861498 78.434686 73.375745 44.045431 24.083189 50.774009 71.470274 38.626416 24.166092 76.157731 33.526109 75.286121 33.526109 10.000000 26.000000 53.814496 48.600412 21.260292 25.612497 48.083261 44.944410 26.683328 76.550637 74.672619 50.159745 27.856777 36.878178 28.284271 18.439089 39.293765 0.000000 84.876381 84.876381 19.798990 49.091751 74.672619 2.000000 50.774009 81.437092 6.324555 90.443352 21.633308 77.820306 48.414874 36.055513 86.023253 79.120162 74.672619 50.477718 6.324555 41.761226 
45 67.007462 75.802375 55.443665 65.192024 73.334848 69.180922 8.602325 80.808415 90.785461 70.837843 78.434686 87.464278 75.894664 93.037627 74.108029 70.000000 92.130342 85.276022 79.711982 70.028566 57.271284 92.195445 78.000000 62.096699 70.028566 62.096699 82.219219 93.722996 94.339811 83.006024 82.219219 86.833173 66.483081 78.790862 97.836598 74.027022 74.000000 72.111026 95.268043 63.150614 100.657836 84.899941 60.827625 84.876381 0.000000 0.000000 83.546394 80.411442 74.000000 83.234608 79.711982 82.097503 78.816242 5.656854 87.863531 82.000000 94.847246 59.665736 2.000000 76.105190 74.000000 80.993827 81.215762 58.549125 
46 67.007462 75.802375 55.443665 65.192024 73.334848 69.180922 8.602325 80.808415 90.785461 70.837843 78.434686 87.464278 75.894664 93.037627 74.108029 70.000000 92.130342 85.276022 79.711982 70.028566 57.271284 92.195445 78.000000 62.096699 70.028566 62.096699 82.219219 93.722996 94.339811 83.006024 82.219219 86.833173 66.483081 78.790862 97.836598 74.027022 74.000000 72.111026 95.268043 63.150614 100.657836 84.899941 60.827625 84.876381 0.000000 0.000000 83.546394 80.411442 74.000000 83.234608 79.711982 82.097503 78.816242 5.656854 87.863531 82.000000 94.847246 59.665736 2.000000 76.105190 74.000000 80.993827 81.215762 58.549125 
47 17.492856 17.720045 55.009090 33.015148 63.953108 61.400326 91.967386 3.162278 7.615773 33.376639 32.310989 29.832868 33.526109 27.202941 61.188234 56.568542 24.413111 4.472136 31.780497 54.589376 50.000000 8.944272 58.240879 46.173586 58.549125 46.173586 10.000000 10.770330 34.058773 29.154759 2.000000 6.324555 32.000000 26.000000 14.422205 59.228372 57.271284 32.557641 12.649111 50.358713 17.204651 2.000000 52.153619 19.798990 83.546394 83.546394 0.000000 29.966648 57.271284 18.439089 31.780497 63.245553 17.888544 89.196412 4.472136 59.464275 28.844410 48.041649 85.041167 61.611687 57.271284 31.304952 14.422205 54.037024 
48 25.059928 43.863424 72.801099 15.231546 36.055513 34.525353 87.726849 27.784888 30.594117 10.000000 3.162278 7.211103 5.830952 14.212670 33.015148 29.427878 14.764823 26.570661 2.000000 27.459060 68.541958 31.400637 29.154759 66.648331 31.400637 66.648331 39.115214 31.144823 13.928388 2.828427 28.178006 25.961510 13.928388 4.242641 35.014283 31.016125 29.017236 8.602325 31.016125 71.119618 37.013511 31.780497 72.013888 49.091751 80.411442 80.411442 29.966648 0.000000 29.017236 47.434165 2.000000 33.734256 45.453273 85.615419 30.364453 29.832868 15.556349 67.542579 82.280010 33.015148 29.017236 1.414214 43.011626 73.006849 
49 46.065171 67.542579 86.683332 26.419690 7.071068 7.071068 79.309520 54.571055 59.211485 24.041631 26.000000 33.734256 24.083189 41.231056 4.000000 4.000000 42.755117 54.589376 27.018512 4.472136 83.546394 60.133186 4.000000 83.450584 4.472136 83.450584 65.145990 60.033324 36.769553 31.144823 55.317267 54.332311 26.832816 32.062439 64.000000 2.000000 0.000000 24.738634 60.000000 87.681241 66.030296 59.228372 87.726849 74.672619 74.000000 74.000000 57.271284 29.017236 0.000000 72.801099 27.018512 8.944272 69.856997 78.102497 58.549125 8.000000 41.761226 83.450584 76.000000 4.472136 0.000000 28.071338 68.352030 87.863531 
50 27.459060 7.615773 43.011626 46.840154 79.056942 75.960516 91.836812 19.849433 22.847319 48.846699 49.396356 48.104054 50.119856 45.607017 76.550637 71.470274 42.801869 22.803509 49.091751 69.570109 37.947332 23.409400 74.323617 32.984845 73.375745 32.984845 8.485281 25.298221 52.497619 47.010637 19.798990 24.413111 46.173586 43.266615 26.305893 74.672619 72.801099 48.332184 27.202941 36.496575 28.071338 17.204651 38.832976 2.000000 83.234608 83.234608 18.439089 47.434165 72.801099 0.000000 49.091751 79.624117 4.472136 88.814413 20.591260 76.026311 47.201695 35.440090 84.403791 77.252832 72.801099 48.826222 4.472136 41.231056 
51 26.076810 45.343136 73.539105 14.560220 34.058773 32.557641 86.925255 29.529646 32.557641 8.944272 1.414214 8.485281 4.242641 15.811388 31.016125 27.459060 16.552945 28.460499 0.000000 25.495098 69.354164 33.376639 27.166155 67.601775 29.427878 67.601775 40.816663 33.136083 14.764823 4.472136 29.966648 27.892651 13.341664 5.830952 37.013511 29.017236 27.018512 7.615773 33.015148 72.069411 39.012818 33.615473 72.897188 50.774009 79.711982 79.711982 31.780497 2.000000 27.018512 49.091751 0.000000 31.780497 47.010637 84.864598 32.280025 27.892651 17.029386 68.425142 81.596569 31.016125 27.018512 1.414214 44.654227 73.824115 
52 53.535035 74.793048 95.425364 34.205263 9.486833 13.038405 87.051709 60.745370 64.327288 30.886890 31.048349 37.013511 29.732137 44.045431 8.000000 12.649111 46.000000 60.166436 31.780497 13.416408 92.195445 65.115282 5.656854 91.934759 12.165525 91.934759 71.693793 64.776539 38.470768 35.355339 61.351447 59.665736 34.409301 37.363083 68.468971 8.246211 8.944272 31.304952 64.498062 96.208108 70.256672 65.145990 96.332757 81.437092 82.097503 82.097503 63.245553 33.734256 8.944272 79.624117 31.780497 0.000000 76.941536 86.000000 64.031242 4.000000 44.181444 92.021737 84.095184 6.000000 8.944272 32.557641 75.153177 96.540147 
53 24.041631 3.162278 40.024992 43.657760 75.960516 72.732386 87.418534 18.601075 23.537205 46.065171 47.201695 46.754679 47.707442 44.944410 73.539105 68.352030 42.190046 22.360680 47.010637 66.483081 34.928498 24.331050 71.554175 30.265492 70.228199 30.265492 8.246211 26.305893 51.613952 45.276926 18.867962 24.166092 43.081318 41.231056 28.000000 71.693793 69.856997 45.650849 28.284271 34.058773 30.066593 17.088007 36.221541 6.324555 78.816242 78.816242 17.888544 45.453273 69.856997 4.472136 47.010637 76.941536 0.000000 84.403791 20.880613 73.430239 46.647615 32.557641 80.000000 74.323617 69.856997 46.861498 4.000000 38.470768 
54 72.622311 81.400246 60.016664 70.384657 77.058419 73.006849 3.162278 86.452299 96.426138 75.960516 83.570330 92.703829 80.993827 98.386991 78.000000 74.108029 97.529483 90.906545 84.864598 74.242845 62.096699 97.836598 82.097503 67.052218 74.027022 67.052218 87.863531 99.357939 99.538937 88.238314 87.863531 92.455395 71.693793 84.095184 103.479467 78.025637 78.102497 77.252832 100.895986 67.911707 106.301458 90.553851 65.513357 90.443352 5.656854 5.656854 89.196412 85.615419 78.102497 88.814413 84.864598 86.000000 84.403791 0.000000 93.509358 86.092973 100.179838 64.560050 4.472136 80.000000 78.102497 86.162637 86.833173 63.150614 
55 21.400935 21.213203 59.076222 35.355339 65.375837 63.071388 96.260064 7.071068 3.162278 35.014283 32.984845 29.154759 34.525353 25.455844 62.513998 58.137767 22.627417 4.000000 32.280025 56.142675 54.037024 4.472136 59.228372 50.039984 60.133186 50.039984 12.649111 6.324555 32.557641 29.154759 5.656854 4.472136 34.234486 26.683328 10.000000 60.530984 58.549125 34.058773 8.246211 54.147945 12.806248 4.000000 56.035703 21.633308 87.863531 87.863531 4.472136 30.364453 58.549125 20.591260 32.280025 64.031242 20.880613 93.509358 0.000000 60.166436 26.907248 52.000000 89.375612 62.801274 58.549125 31.622777 17.088007 58.000000 
56 50.219518 71.344236 93.005376 31.144823 11.401754 13.928388 87.281155 57.008771 60.415230 27.459060 27.202941 33.015148 26.000000 40.049969 8.944272 12.000000 42.000000 56.320511 27.892651 12.165525 89.643739 61.188234 4.000000 89.196412 12.165525 89.196412 68.029405 60.827625 34.525353 31.400637 57.584720 55.785303 31.240999 33.526109 64.498062 8.246211 8.000000 27.784888 60.530984 93.509358 66.272166 61.351447 93.722996 77.820306 82.000000 82.000000 59.464275 29.832868 8.000000 76.026311 27.892651 4.000000 73.430239 86.092973 60.166436 0.000000 40.199502 89.375612 84.000000 7.211103 8.000000 28.635642 71.554175 94.021274 
57 33.015148 46.065171 80.411442 30.232433 48.764741 48.104054 102.420701 28.178006 25.495098 25.495098 18.439089 8.602325 21.260292 2.000000 45.607017 43.081318 4.472136 24.413111 17.029386 41.231056 75.709973 25.612497 40.792156 72.801099 44.944410 72.801099 38.832976 24.413111 6.324555 12.727922 27.784888 22.803509 28.844410 16.124515 26.832816 43.680659 41.761226 24.083189 23.323808 77.201036 27.856777 30.000000 78.587531 48.414874 94.847246 94.847246 28.844410 15.556349 41.761226 47.201695 17.029386 44.181444 46.647615 100.179838 26.907248 40.199502 0.000000 74.215901 96.664368 45.122057 41.761226 15.620499 43.266615 80.049984 
58 42.544095 31.144823 7.615773 58.600341 87.783825 83.630138 67.720012 47.265209 55.009090 63.513778 68.000000 71.512237 67.230945 72.277244 86.278618 80.622577 69.856997 52.153619 68.425142 79.195959 2.828427 56.035703 86.371292 2.828427 82.073138 2.828427 40.199502 58.034473 77.794601 68.541958 48.166378 54.147945 58.821765 63.560994 60.299254 84.852814 83.450584 63.812225 60.033324 4.472136 62.513998 48.000000 4.472136 36.055513 59.665736 59.665736 48.041649 67.542579 83.450584 35.440090 68.425142 92.021737 32.557641 64.560050 52.000000 89.375612 74.215901 0.000000 60.166436 87.681241 83.450584 68.876701 36.496575 6.000000 
59 68.600292 77.006493 55.731499 67.067131 75.325958 71.175839 7.615773 82.328610 92.314679 72.732386 80.324343 89.319651 77.794601 94.847246 76.105190 72.000000 93.914855 86.833173 81.596569 72.027772 57.723479 93.722996 80.000000 62.641839 72.027772 62.641839 83.546394 95.268043 96.208108 84.864598 83.737686 88.408144 68.352030 80.622577 99.357939 76.026311 76.000000 74.000000 96.829747 63.560994 102.176318 86.371292 61.188234 86.023253 2.000000 2.000000 85.041167 82.280010 76.000000 84.403791 81.596569 84.095184 80.000000 4.472136 89.375612 84.000000 96.664368 60.166436 0.000000 78.102497 76.000000 82.873397 82.462113 58.855756 
60 50.537115 72.013888 90.785461 30.886890 4.242641 7.071068 81.055537 58.940648 63.387696 28.460499 30.066593 37.336309 28.284271 44.721360 2.000000 7.211103 46.389654 58.855756 31.016125 8.485281 87.726849 64.280635 4.472136 87.726849 6.324555 87.726849 69.570109 64.124878 39.849718 35.014283 59.665736 58.549125 31.304952 36.221541 68.029405 2.828427 4.472136 29.120440 64.031242 91.934759 70.000000 63.560994 91.934759 79.120162 76.105190 76.105190 61.611687 33.015148 4.472136 77.252832 31.016125 6.000000 74.323617 80.000000 62.801274 7.211103 45.122057 87.681241 78.102497 0.000000 4.472136 32.000000 72.801099 92.021737 
61 46.065171 67.542579 86.683332 26.419690 7.071068 7.071068 79.309520 54.571055 59.211485 24.041631 26.000000 33.734256 24.083189 41.231056 4.000000 4.000000 42.755117 54.589376 27.018512 4.472136 83.546394 60.133186 4.000000 83.450584 4.472136 83.450584 65.145990 60.033324 36.769553 31.144823 55.317267 54.332311 26.832816 32.062439 64.000000 2.000000 0.000000 24.738634 60.000000 87.681241 66.030296 59.228372 87.726849 74.672619 74.000000 74.000000 57.271284 29.017236 0.000000 72.801099 27.018512 8.944272 69.856997 78.102497 58.549125 8.000000 41.761226 83.450584 76.000000 4.472136 0.000000 28.071338 68.352030 87.863531 
62 26.419690 45.276926 74.094534 15.811388 35.128336 33.734256 88.238314 29.154759 31.780497 10.295630 2.828427 7.071068 5.656854 14.422205 32.062439 28.635642 15.231546 27.856777 1.414214 26.683328 69.856997 32.557641 28.071338 68.000000 30.594117 68.000000 40.496913 32.249031 13.416408 3.162278 29.529646 27.202941 14.560220 5.656854 36.055513 30.066593 28.071338 8.944272 32.062439 72.470684 38.000000 33.105891 73.348483 50.477718 80.993827 80.993827 31.304952 1.414214 28.071338 48.826222 1.414214 32.557641 46.861498 86.162637 31.622777 28.635642 15.620499 68.876701 82.873397 32.000000 28.071338 0.000000 44.407207 74.323617 
