#

param c:
    1  2  3  4  5  6  7  8  9 10 11 12 13 14 15 16 17 18 19 20 21 22 23 24 25 26 27 28 29 30 31 32 33 34 35 36 37 38 39 40 41 42 43 44 45 46 47 48 49 50 51 52 53 54 55 56 57 58 59 60 61 62 63 64 65 66 67 68 :=
 1 0.000000 24.738634 88.022724 30.528675 36.878178 70.000000 63.560994 53.814496 84.758480 77.201036 91.760558 29.154759 75.432089 58.600341 73.498299 22.135944 77.987178 77.472576 88.600226 19.697716 80.112421 73.661387 87.464278 27.784888 89.185201 22.803509 83.630138 39.115214 88.056800 54.129474 75.166482 24.207437 60.415230 24.041631 78.243211 38.288379 57.775427 84.154620 26.000000 27.784888 26.832816 84.154620 54.424259 53.009433 78.243211 75.432089 57.008771 41.109610 77.006493 85.615419 25.495098 89.050547 80.112421 26.570661 74.953319 28.178006 24.041631 84.581322 86.729464 76.694198 36.796739 89.899944 75.166482 18.867962 33.015148 50.219518 53.535035 56.797887 
 2 24.738634 0.000000 63.560994 32.984845 18.439089 53.141321 46.690470 36.055513 60.166436 55.172457 72.718636 32.280025 53.907328 42.449971 57.567352 3.162278 57.008771 53.235327 68.425142 28.844410 55.946403 53.009433 63.071388 31.622777 69.354164 26.000000 59.682493 27.166155 67.542579 38.288379 54.203321 10.295630 43.840620 1.414214 56.727418 23.021729 41.012193 59.615434 33.105891 31.622777 32.310989 59.615434 36.796739 37.656341 56.727418 53.907328 40.521599 25.179357 55.226805 61.269895 31.780497 64.884513 55.946403 34.438351 55.226805 32.893768 1.414214 60.415230 67.955868 55.443665 19.235384 65.863495 59.481089 26.076810 21.587033 35.355339 39.319207 41.109610 
 3 88.022724 63.560994 0.000000 87.863531 54.589376 46.647615 62.769419 46.690470 4.472136 24.413111 64.124878 87.965902 27.459060 49.335586 50.219518 65.924199 29.832868 11.045361 57.078893 89.308454 9.055385 31.906112 1.414214 88.090862 59.076222 84.403791 8.602325 61.008196 55.081757 64.140471 30.232433 65.253352 63.071388 64.078077 27.018512 57.078893 62.177166 4.242641 91.214034 88.090862 89.643739 4.242641 59.682493 52.172790 27.018512 27.459060 48.764741 55.009090 25.806976 3.162278 89.810912 5.099020 9.055385 92.617493 35.805028 89.498603 64.078077 5.830952 63.007936 28.600699 55.443665 7.071068 51.400389 86.533231 63.198101 53.758720 54.571055 64.884513 
 4 30.528675 32.984845 87.863531 0.000000 51.419841 86.023253 42.000000 68.963759 83.737686 85.440037 70.256672 1.414214 84.723078 75.432089 90.520716 33.376639 88.192970 79.208585 69.007246 11.313708 82.036577 84.534017 87.783825 2.828427 69.007246 8.246211 86.313383 59.211485 69.065187 33.136083 85.475143 41.109610 39.012818 33.734256 87.464278 55.731499 37.121422 83.630138 6.324555 2.828427 4.472136 83.630138 35.693137 70.611614 87.464278 84.723078 73.498299 58.051701 85.755466 86.313383 5.830952 90.520716 82.036577 7.071068 87.235314 3.162278 33.734256 86.267027 65.192024 86.452299 52.172790 91.923882 92.444578 11.661904 53.084838 68.249542 72.180330 35.014283 
 5 36.878178 18.439089 54.589376 51.419841 0.000000 34.928498 58.309519 17.888544 52.153619 40.496913 80.622577 50.695167 38.600518 24.041631 39.217343 18.384776 41.109610 43.566042 75.166482 46.518813 45.891176 36.796739 53.758720 50.000000 76.485293 44.271887 48.764741 11.401754 73.878278 51.478151 38.288379 12.727922 55.946403 17.720045 41.400483 5.830952 53.235327 51.244512 51.264022 50.000000 50.596443 51.244512 48.764741 19.235384 41.400483 38.600518 22.135944 7.071068 40.224371 51.788030 49.979996 54.571055 45.891176 52.554733 38.288379 51.244512 17.720045 50.219518 76.380626 39.824616 1.414214 55.081757 41.109610 43.863424 9.486833 17.029386 21.023796 54.129474 
 6 70.000000 53.141321 46.647615 86.023253 34.928498 0.000000 83.546394 17.088007 47.201695 22.360680 98.386991 85.381497 19.235384 11.401754 5.099020 53.310412 17.720045 38.288379 91.706052 81.437092 38.600518 14.764823 45.276926 84.758480 93.477270 79.120162 38.078866 31.144823 89.944427 79.309520 16.552945 47.010637 82.036577 52.554733 20.248457 31.906112 79.762146 45.803930 86.162637 84.758480 85.440037 45.803930 75.538070 17.029386 20.248457 19.235384 13.038405 29.154759 21.023796 43.566042 84.864598 43.382024 38.600518 87.464278 11.401754 86.034877 52.554733 40.816663 95.341491 18.384776 34.438351 42.544095 7.071068 78.790862 37.013511 19.849433 17.029386 81.498466 
 7 63.560994 46.690470 62.769419 42.000000 58.309519 83.546394 0.000000 69.570109 58.309519 72.111026 28.635642 43.011626 73.006849 76.537572 88.645361 49.578221 77.006493 58.463664 27.018512 50.635956 60.876925 75.059976 63.324561 44.045431 27.018512 44.721360 65.253352 69.641941 27.166155 9.486833 75.006666 56.586217 3.162278 48.104054 75.059976 64.140471 5.830952 58.872744 48.041649 44.045431 46.043458 58.872744 9.899495 74.094534 75.059976 73.006849 74.632433 64.884513 73.061618 62.625873 47.095647 67.067131 60.876925 49.010203 79.158070 45.011110 48.104054 63.890531 23.537205 75.006666 59.682493 68.949257 90.609050 49.030603 65.802736 73.006849 76.694198 7.071068 
 8 53.814496 36.055513 46.690470 68.963759 17.888544 17.088007 69.570109 0.000000 45.607017 26.683328 87.658428 68.308125 24.041631 7.071068 21.587033 36.249138 25.495098 36.138622 81.400246 64.404969 37.656341 21.023796 45.541190 67.675697 83.006024 62.032250 39.115214 16.552945 79.812280 64.327288 22.847319 30.232433 67.720012 35.468296 26.570661 15.556349 65.253352 44.384682 69.079664 67.675697 68.352030 44.384682 60.876925 5.830952 26.570661 24.041631 5.099020 12.727922 25.961510 43.566042 67.779053 45.099889 37.656341 70.384657 21.400935 68.949257 35.468296 41.303753 84.059503 24.698178 17.492856 45.011110 23.537205 61.741396 21.400935 7.071068 8.602325 66.708320 
 9 84.758480 60.166436 4.472136 83.737686 52.153619 47.201695 58.309519 45.607017 0.000000 25.455844 60.299254 83.868945 28.319605 48.846699 51.088159 62.625873 31.144823 9.486833 53.235327 85.440037 8.602325 32.649655 5.099020 84.023806 55.226805 80.448741 10.295630 59.211485 51.244512 59.682493 31.144823 62.369865 58.600341 60.745370 28.319605 55.009090 57.706152 1.414214 87.200917 84.023806 85.603738 1.414214 55.226805 51.244512 28.319605 28.319605 48.104054 53.084838 26.870058 5.099020 85.802098 9.055385 8.602325 88.600226 36.796739 85.428333 60.745370 7.615773 59.008474 29.698485 53.084838 11.045361 52.402290 82.680106 61.008196 52.630789 53.758720 60.415230 
10 77.201036 55.172457 24.413111 85.440037 40.496913 22.360680 72.111026 26.683328 25.455844 0.000000 81.608823 85.146932 3.162278 27.018512 25.806976 56.586217 5.830952 17.492856 74.632433 83.737686 17.029386 7.615773 23.021729 84.876381 76.537572 80.000000 15.811388 43.011626 72.732386 70.213959 5.830952 53.009433 71.344236 55.154329 3.162278 40.718546 69.584481 24.041631 87.200917 84.876381 86.023253 24.041631 65.924199 31.144823 3.162278 3.162278 27.018512 38.078866 1.414214 21.400935 85.802098 21.023796 17.029386 88.600226 11.401754 86.267027 55.154329 18.601075 79.309520 4.242641 40.816663 20.248457 27.018512 80.919713 47.010637 33.376639 33.015148 71.847060 
11 91.760558 72.718636 64.124878 70.256672 80.622577 98.386991 28.635642 87.658428 60.299254 81.608823 0.000000 71.344236 83.486526 94.031909 103.315052 75.802375 87.281155 64.761099 7.071068 79.246451 66.287254 86.729464 65.192024 72.443081 5.099020 73.348483 69.871310 91.923882 9.055385 38.078866 86.034877 81.841310 31.780497 74.094534 84.770278 86.267027 34.205263 61.400326 76.419893 72.443081 74.431176 61.400326 37.336309 93.005376 84.770278 83.486526 92.357999 86.313383 82.861330 65.375837 75.538070 69.180922 66.287254 77.317527 91.181138 73.334848 74.094534 67.601775 5.099020 85.381497 82.036577 71.175839 105.118980 77.665951 89.274856 92.617493 95.801879 35.693137 
12 29.154759 32.280025 87.965902 1.414214 50.695167 85.381497 43.011626 68.308125 83.868945 85.146932 71.344236 0.000000 84.380092 74.726167 89.844310 32.557641 87.817994 79.195959 70.000000 9.899495 82.024387 84.118963 87.863531 1.414214 70.028566 7.071068 86.278618 58.309519 70.028566 34.058773 85.088190 40.199502 40.000000 32.984845 87.132084 54.918121 38.052595 83.737686 5.099020 1.414214 3.162278 83.737686 36.496575 69.856997 87.132084 84.380092 72.801099 57.271284 85.440037 86.371292 4.472136 90.553851 82.024387 6.000000 86.764048 2.000000 32.984845 86.278618 66.272166 86.092973 51.419841 91.934759 91.760558 10.295630 52.153619 67.468511 71.386273 36.000000 
13 75.432089 53.907328 27.459060 84.723078 38.600518 19.235384 73.006849 24.041631 28.319605 3.162278 83.486526 84.380092 0.000000 24.000000 22.803509 55.172457 4.000000 20.000000 76.550637 82.619610 19.798990 4.472136 26.076810 84.059503 78.434686 79.056942 18.867962 40.496913 74.672619 70.710678 2.828427 51.224994 72.111026 53.814496 2.828427 38.470768 70.256672 26.907248 86.267027 84.059503 85.146932 26.907248 66.483081 28.284271 2.828427 0.000000 24.083189 35.777088 2.000000 24.413111 84.876381 24.166092 19.798990 87.658428 8.485281 85.440037 53.814496 21.633308 81.043198 2.000000 38.832976 23.409400 24.083189 79.812280 44.721360 30.594117 30.066593 72.443081 
14 58.600341 42.449971 49.335586 75.432089 24.041631 11.401754 76.537572 7.071068 48.846699 27.018512 94.031909 74.726167 24.000000 0.000000 15.231546 42.379240 24.331050 39.395431 87.658428 70.384657 40.496913 20.099751 48.083261 74.040529 89.308454 68.308125 41.231056 19.798990 86.023253 71.386273 22.090722 35.777088 74.726167 41.761226 26.076810 20.591260 72.277244 47.539457 75.272837 74.040529 74.632433 47.539457 67.911707 5.656854 26.076810 24.000000 2.000000 17.888544 26.000000 46.173586 74.000000 47.074409 40.496913 76.550637 18.973666 75.286121 41.761226 43.680659 90.553851 24.083189 23.409400 46.690470 17.088007 67.779053 25.612497 8.485281 6.324555 73.756356 
15 73.498299 57.567352 50.219518 90.520716 39.217343 5.099020 88.645361 21.587033 51.088159 25.806976 103.315052 89.844310 22.803509 15.231546 0.000000 57.584720 20.591260 42.426407 96.602277 85.615419 42.520583 18.439089 48.826222 89.185201 98.386991 83.486526 41.617304 34.409301 94.826157 84.380092 20.000000 50.990195 87.132084 56.920998 23.323808 35.777088 84.852814 49.678969 90.476516 89.185201 89.810912 49.678969 80.622577 20.591260 23.323808 22.803509 17.088007 33.105891 24.413111 47.201695 89.196412 46.647615 42.520583 91.760558 14.422205 90.443352 56.920998 44.407207 100.319490 21.633308 38.626416 45.650849 2.000000 83.006024 40.496913 23.323808 20.000000 86.579443 
16 22.135944 3.162278 65.924199 33.376639 18.384776 53.310412 49.578221 36.249138 62.625873 56.586217 75.802375 32.557641 55.172457 42.379240 57.584720 0.000000 58.137767 55.461698 71.554175 28.178006 58.137767 54.037024 65.391131 31.780497 72.470684 25.961510 61.773781 26.000000 70.682388 41.036569 55.317267 8.246211 46.690470 2.000000 58.000000 22.360680 43.863424 62.032250 32.893768 31.780497 32.280025 62.032250 39.698866 37.363083 58.000000 55.172457 40.496913 24.738634 56.568542 63.560994 31.622777 67.082039 58.137767 34.176015 56.035703 32.984845 2.000000 62.609903 71.021124 56.639209 18.973666 68.000000 59.464275 25.495098 20.099751 34.928498 38.832976 43.863424 
17 77.987178 57.008771 29.832868 88.192970 41.109610 17.720045 77.006493 25.495098 31.144823 5.830952 87.281155 87.817994 4.000000 24.331050 20.591260 58.137767 0.000000 23.323808 80.324343 85.802098 22.803509 4.472136 28.425341 87.464278 82.219219 82.377181 21.260292 42.047592 78.434686 74.672619 2.828427 53.814496 76.105190 56.850682 2.828427 40.496913 74.242845 29.732137 89.587946 87.464278 88.509886 29.732137 70.455660 29.120440 2.828427 4.000000 24.738634 37.735925 4.472136 26.907248 88.204308 26.076810 22.803509 90.972523 6.324555 88.836929 56.850682 24.083189 84.899941 2.000000 41.231056 25.059928 21.633308 83.006024 46.647615 31.622777 30.594117 76.419893 
18 77.472576 53.235327 11.045361 79.208585 43.566042 38.288379 58.463664 36.138622 9.486833 17.492856 64.761099 79.195959 20.000000 39.395431 42.426407 55.461698 23.323808 0.000000 57.723479 79.812280 2.828427 24.083189 10.198039 79.208585 59.665736 75.166482 7.211103 50.039984 55.785303 58.309519 22.803509 54.405882 58.240879 53.665631 20.591260 46.043458 56.920998 8.246211 82.134037 79.208585 80.659779 8.246211 53.851648 41.761226 20.591260 20.000000 38.626416 44.000000 18.867962 8.246211 80.721744 11.661904 2.828427 83.546394 28.425341 80.622577 53.665631 7.211103 62.801274 21.633308 44.407207 12.806248 43.863424 77.006493 52.153619 43.174066 44.271887 59.464275 
19 88.600226 68.425142 57.078893 69.007246 75.166482 91.706052 27.018512 81.400246 53.235327 74.632433 7.071068 70.000000 76.550637 87.658428 96.602277 71.554175 80.324343 57.723479 0.000000 77.317527 59.228372 79.849859 58.137767 71.007042 2.000000 71.344236 62.801274 86.371292 2.000000 36.055513 79.120162 77.175126 30.000000 69.771054 77.794601 80.721744 32.062439 54.332311 75.006666 71.007042 73.006849 54.332311 34.525353 86.833173 77.794601 76.550637 86.023253 80.622577 75.894664 58.309519 74.027022 62.128898 59.228372 76.000000 84.308956 72.000000 69.771054 60.530984 7.211103 78.434686 76.576759 64.124878 98.386991 75.538070 84.023806 86.556340 89.643739 34.000000 
20 19.697716 28.844410 89.308454 11.313708 46.518813 81.437092 50.635956 64.404969 85.440037 83.737686 79.246451 9.899495 82.619610 70.384657 85.615419 28.178006 85.802098 79.812280 77.317527 0.000000 82.619610 81.841310 89.050547 8.485281 77.524190 6.000000 86.683332 52.630789 77.162167 41.303753 83.006024 34.785054 47.518417 29.154759 85.428333 49.979996 45.276926 85.146932 6.324555 8.485281 7.211103 85.146932 43.011626 65.192024 85.428333 82.619610 68.541958 52.554733 83.868945 87.418534 5.830952 91.400219 82.619610 7.071068 84.059503 8.602325 29.154759 87.005747 74.148500 84.202138 47.010637 92.617493 87.464278 2.828427 46.324939 62.625873 66.407831 43.566042 
21 80.112421 55.946403 9.055385 82.036577 45.891176 38.600518 60.876925 37.656341 8.602325 17.029386 66.287254 82.024387 19.798990 40.496913 42.520583 58.137767 22.803509 2.828427 59.228372 82.619610 0.000000 24.083189 8.000000 82.036577 61.188234 77.987178 4.472136 52.000000 57.271284 60.926185 22.627417 56.920998 60.728906 56.356011 20.000000 48.166378 59.464275 7.211103 84.958814 82.036577 83.486526 7.211103 56.462377 43.174066 20.000000 19.798990 39.849718 46.043458 18.439089 6.000000 83.546394 8.944272 0.000000 86.371292 28.284271 83.450584 56.356011 4.472136 64.498062 21.260292 46.690470 10.000000 43.863424 79.812280 54.332311 44.721360 45.607017 62.032250 
22 73.661387 53.009433 31.906112 84.534017 36.796739 14.764823 75.059976 21.023796 32.649655 7.615773 86.729464 84.118963 4.472136 20.099751 18.439089 54.037024 4.472136 24.083189 79.849859 81.841310 24.083189 0.000000 30.528675 83.725743 81.706793 78.549348 23.323808 37.576588 78.000000 72.249567 2.000000 49.517674 74.000000 52.801515 6.000000 36.055513 72.027772 31.240999 85.755466 83.725743 84.723078 31.240999 68.117545 24.738634 6.000000 4.472136 20.396078 33.286634 6.324555 28.844410 84.380092 28.635642 24.083189 87.132084 4.472136 85.088190 52.801515 26.076810 84.118963 4.000000 36.878178 27.856777 19.798990 79.056942 42.190046 27.202941 26.305893 74.108029 
23 87.464278 63.071388 1.414214 87.783825 53.758720 45.276926 63.324561 45.541190 5.099020 23.021729 65.192024 87.863531 26.076810 48.083261 48.826222 65.391131 28.425341 10.198039 58.137767 89.050547 8.000000 30.528675 0.000000 87.965902 60.133186 84.202138 7.211103 60.000000 56.142675 64.498062 28.844410 64.560050 63.560994 63.560994 25.612497 56.142675 62.609903 4.472136 91.049437 87.965902 89.498603 4.472136 60.033324 50.990195 25.612497 26.076810 47.539457 54.037024 24.413111 2.000000 89.643739 4.000000 8.000000 92.455395 34.409301 89.375612 63.560994 4.472136 64.000000 27.202941 54.589376 6.000000 50.000000 86.267027 62.289646 52.611786 53.366656 65.299311 
24 27.784888 31.622777 88.090862 2.828427 50.000000 84.758480 44.045431 67.675697 84.023806 84.876381 72.443081 1.414214 84.059503 74.040529 89.185201 31.780497 87.464278 79.208585 71.007042 8.485281 82.036577 83.725743 87.965902 0.000000 71.063352 6.000000 86.267027 57.428216 71.007042 35.014283 84.723078 39.319207 41.012193 32.280025 86.821656 54.129474 39.012818 83.868945 4.000000 0.000000 2.000000 83.868945 37.336309 69.123079 86.821656 84.059503 72.124892 56.515485 85.146932 86.452299 3.162278 90.609050 82.036577 5.099020 86.313383 1.414214 32.280025 86.313383 67.364679 85.755466 50.695167 91.967386 91.093359 8.944272 51.244512 66.708320 70.611614 37.013511 
25 89.185201 69.354164 59.076222 69.007246 76.485293 93.477270 27.018512 83.006024 55.226805 76.537572 5.099020 70.028566 78.434686 89.308454 98.386991 72.470684 82.219219 59.665736 2.000000 77.524190 61.188234 81.706793 60.133186 71.063352 0.000000 71.568149 64.776539 87.726849 4.000000 36.221541 80.993827 78.230429 30.066593 70.710678 79.699435 82.073138 32.249031 56.320511 75.059976 71.063352 73.061618 56.320511 34.928498 88.408144 79.699435 78.434686 87.658428 82.024387 77.794601 60.299254 74.108029 64.124878 61.188234 76.026311 86.162637 72.027772 70.710678 62.513998 5.656854 80.324343 77.897368 66.121101 100.179838 75.802375 85.276022 88.090862 91.214034 34.058773 
26 22.803509 26.000000 84.403791 8.246211 44.271887 79.120162 44.721360 62.032250 80.448741 80.000000 73.348483 7.071068 79.056942 68.308125 83.486526 25.961510 82.377181 75.166482 71.344236 6.000000 77.987178 78.549348 84.202138 6.000000 71.568149 0.000000 82.134037 51.478151 71.175839 35.355339 79.611557 33.376639 41.593269 26.570661 81.841310 48.270074 39.319207 80.212219 7.211103 6.000000 6.324555 80.212219 37.013511 63.324561 81.841310 79.056942 66.407831 50.695167 80.212219 82.619610 5.830952 86.683332 77.987178 8.602325 81.006173 7.071068 26.570661 82.328610 68.249542 80.709355 44.922155 87.965902 85.381497 4.472136 45.276926 60.876925 64.761099 37.656341 
27 83.630138 59.682493 8.602325 86.313383 48.764741 38.078866 65.253352 39.115214 10.295630 15.811388 69.871310 86.278618 18.867962 41.231056 41.617304 61.773781 21.260292 7.211103 62.801274 86.683332 4.472136 23.323808 7.211103 86.267027 64.776539 82.134037 0.000000 54.147945 60.827625 65.391131 21.633308 60.166436 65.145990 60.033324 18.439089 50.635956 63.906181 8.944272 89.140339 86.267027 87.692645 8.944272 60.926185 44.407207 18.439089 18.867962 40.792156 48.373546 17.204651 5.656854 87.726849 6.000000 4.472136 90.553851 27.202941 87.681241 60.033324 2.828427 68.264193 20.000000 49.477268 6.324555 42.801869 83.868945 56.885851 46.173586 46.690470 66.483081 
28 39.115214 27.166155 61.008196 59.211485 11.401754 31.144823 69.641941 16.552945 59.211485 43.011626 91.923882 58.309519 40.496913 19.798990 34.409301 26.000000 42.047592 50.039984 86.371292 52.630789 52.000000 37.576588 60.000000 57.428216 87.726849 51.478151 54.147945 0.000000 85.041167 62.609903 39.395431 18.110770 67.230945 26.076810 43.081318 5.656854 64.498062 58.137767 58.051701 57.428216 57.706152 58.137767 60.033324 14.142136 43.081318 40.496913 18.439089 6.324555 42.379240 58.000000 56.885851 60.133186 52.000000 59.228372 37.735925 58.549125 26.076810 56.035703 87.726849 41.231056 10.000000 60.299254 36.055513 50.219518 6.324555 11.313708 14.422205 65.299311 
29 88.056800 67.542579 55.081757 69.065187 73.878278 89.944427 27.166155 79.812280 51.244512 72.732386 9.055385 70.028566 74.672619 86.023253 94.826157 70.682388 78.434686 55.785303 2.000000 77.162167 57.271284 78.000000 56.142675 71.007042 4.000000 71.175839 60.827625 85.041167 0.000000 36.000000 77.252832 76.157731 30.066593 68.876701 75.894664 79.397733 32.000000 52.345009 75.006666 71.007042 73.006849 52.345009 34.234486 85.276022 75.894664 74.672619 84.403791 79.246451 74.000000 56.320511 74.000000 60.133186 57.271284 76.026311 82.462113 72.027772 68.876701 58.549125 8.944272 76.550637 75.286121 62.128898 96.602277 75.325958 82.800966 85.041167 88.090862 34.058773 
30 54.129474 38.288379 64.140471 33.136083 51.478151 79.309520 9.486833 64.327288 59.682493 70.213959 38.078866 34.058773 70.710678 71.386273 84.380092 41.036569 74.672619 58.309519 36.055513 41.303753 60.926185 72.249567 64.498062 35.014283 36.221541 35.355339 65.391131 62.609903 36.000000 0.000000 72.443081 48.414874 6.324555 39.698866 72.993150 57.271284 4.000000 60.033324 39.012818 35.014283 37.013511 60.033324 4.472136 68.410526 72.993150 70.710678 69.426220 58.309519 71.021124 63.529521 38.000000 68.000000 60.926185 40.049969 76.105190 36.055513 39.698866 64.404969 32.984845 72.691127 52.801515 69.771054 86.371292 39.623226 58.309519 67.052218 70.880181 2.828427 
31 75.166482 54.203321 30.232433 85.475143 38.288379 16.552945 75.006666 22.847319 31.144823 5.830952 86.034877 85.088190 2.828427 22.090722 20.000000 55.317267 2.828427 22.803509 79.120162 83.006024 22.627417 2.000000 28.844410 84.723078 80.993827 79.611557 21.633308 39.395431 77.252832 72.443081 0.000000 50.990195 74.027022 54.037024 4.000000 37.735925 72.111026 29.732137 86.821656 84.723078 85.755466 29.732137 68.264193 26.683328 4.000000 2.828427 22.360680 34.985711 4.472136 27.202941 85.440037 26.832816 22.627417 88.204308 5.656854 86.092973 54.037024 24.413111 83.522452 2.000000 38.418745 26.000000 21.260292 80.212219 43.908997 29.120440 28.284271 74.242845 
32 24.207437 10.295630 65.253352 41.109610 12.727922 47.010637 56.586217 30.232433 62.369865 53.009433 81.841310 40.199502 51.224994 35.777088 50.990195 8.246211 53.814496 54.405882 77.175126 34.785054 56.920998 49.517674 64.560050 39.319207 78.230429 33.376639 60.166436 18.110770 76.157731 48.414874 50.990195 0.000000 53.814496 8.944272 54.037024 15.231546 50.990195 61.611687 40.024992 39.319207 39.623226 61.611687 46.690470 30.463092 54.037024 51.224994 34.000000 17.888544 52.801515 62.641839 38.832976 65.787537 56.920998 41.231056 50.990195 40.447497 8.944272 61.351447 77.201036 52.497619 12.806248 66.483081 52.801515 32.280025 12.000000 27.856777 31.622777 51.224994 
33 60.415230 43.840620 63.071388 39.012818 55.946403 82.036577 3.162278 67.720012 58.600341 71.344236 31.780497 40.000000 72.111026 74.726167 87.132084 46.690470 76.105190 58.240879 30.000000 47.518417 60.728906 74.000000 63.560994 41.012193 30.066593 41.593269 65.145990 67.230945 30.066593 6.324555 74.027022 53.814496 0.000000 45.254834 74.242845 61.773781 2.828427 59.093147 45.011110 41.012193 43.011626 59.093147 7.211103 72.111026 74.242845 72.111026 72.801099 62.609903 72.249567 62.769419 44.045431 67.230945 60.728906 46.000000 78.025637 42.000000 45.254834 63.906181 26.683328 74.108029 57.306195 69.079664 89.106678 45.891176 63.245553 70.936591 74.672619 4.000000 
34 24.041631 1.414214 64.078077 33.734256 17.720045 52.554733 48.104054 35.468296 60.745370 55.154329 74.094534 32.984845 53.814496 41.761226 56.920998 2.000000 56.850682 53.665631 69.771054 29.154759 56.356011 52.801515 63.560994 32.280025 70.710678 26.570661 60.033324 26.076810 68.876701 39.698866 54.037024 8.944272 45.254834 0.000000 56.639209 22.090722 42.426407 60.166436 33.615473 32.280025 32.893768 60.166436 38.209946 36.878178 56.639209 53.814496 39.849718 24.331050 55.172457 61.741396 32.310989 65.299311 56.356011 34.928498 54.918121 33.526109 0.000000 60.827625 69.339743 55.317267 18.439089 66.241981 58.821765 26.419690 20.396078 34.525353 38.470768 42.520583 
35 78.243211 56.727418 27.018512 87.464278 41.400483 20.248457 75.059976 26.570661 28.319605 3.162278 84.770278 87.132084 2.828427 26.076810 23.323808 58.000000 2.828427 20.591260 77.794601 85.428333 20.000000 6.000000 25.612497 86.821656 79.699435 81.841310 18.439089 43.081318 75.894664 72.993150 4.000000 54.037024 74.242845 56.639209 0.000000 41.182521 72.443081 26.907248 89.050547 86.821656 87.920419 26.907248 68.731361 30.594117 0.000000 2.828427 26.305893 38.470768 2.000000 24.083189 87.658428 23.323808 20.000000 90.443352 8.944272 88.204308 56.639209 21.260292 82.462113 2.000000 41.617304 22.360680 24.413111 82.619610 47.413078 32.984845 32.249031 74.672619 
36 38.288379 23.021729 57.078893 55.731499 5.830952 31.906112 64.140471 15.556349 55.009090 40.718546 86.267027 54.918121 38.470768 20.591260 35.777088 22.360680 40.496913 46.043458 80.721744 49.979996 48.166378 36.055513 56.142675 54.129474 82.073138 48.270074 50.635956 5.656854 79.397733 57.271284 37.735925 15.231546 61.773781 22.090722 41.182521 0.000000 59.059292 54.000000 55.081757 54.129474 54.571055 54.000000 54.589376 15.231546 41.182521 38.470768 18.867962 2.828427 40.249224 54.147945 53.851648 56.568542 48.166378 56.320511 36.878178 55.317267 22.090722 52.345009 82.073138 39.446166 4.472136 56.885851 37.576588 47.434165 6.324555 12.649111 16.492423 59.933296 
37 57.775427 41.012193 62.177166 37.121422 53.235327 79.762146 5.830952 65.253352 57.706152 69.584481 34.205263 38.052595 70.256672 72.277244 84.852814 43.863424 74.242845 56.920998 32.062439 45.276926 59.464275 72.027772 62.609903 39.012818 32.249031 39.319207 63.906181 64.498062 32.000000 4.000000 72.111026 50.990195 2.828427 42.426407 72.443081 59.059292 0.000000 58.137767 43.011626 39.012818 41.012193 58.137767 4.472136 69.570109 72.443081 70.256672 70.342022 59.933296 70.455660 61.741396 42.000000 66.211781 59.464275 44.045431 76.000000 40.049969 42.426407 62.769419 29.120440 72.249567 54.589376 68.029405 86.833173 43.566042 60.464866 68.352030 72.111026 2.828427 
38 84.154620 59.615434 4.242641 83.630138 51.244512 45.803930 58.872744 44.384682 1.414214 24.041631 61.400326 83.737686 26.907248 47.539457 49.678969 62.032250 29.732137 8.246211 54.332311 85.146932 7.211103 31.240999 4.472136 83.868945 56.320511 80.212219 8.944272 58.137767 52.345009 60.033324 29.732137 61.611687 59.093147 60.166436 26.907248 54.000000 58.137767 0.000000 87.005747 83.868945 85.428333 0.000000 55.569776 50.000000 26.907248 26.907248 46.818800 52.038447 25.455844 4.000000 85.603738 8.246211 7.211103 88.408144 35.383612 85.276022 60.166436 6.324555 60.033324 28.284271 52.153619 10.198039 50.990195 82.377181 60.033324 51.419841 52.497619 60.827625 
39 26.000000 33.105891 91.214034 6.324555 51.264022 86.162637 48.041649 69.079664 87.200917 87.200917 76.419893 5.099020 86.267027 75.272837 90.476516 32.893768 89.587946 82.134037 75.006666 6.324555 84.958814 85.755466 91.049437 4.000000 75.059976 7.211103 89.140339 58.051701 75.006666 39.012818 86.821656 40.024992 45.011110 33.615473 89.050547 55.081757 43.011626 87.005747 0.000000 4.000000 2.000000 87.005747 41.303753 70.213959 89.050547 86.267027 73.389373 57.567352 87.418534 89.498603 1.414214 93.605555 84.958814 1.414214 88.192970 3.162278 33.615473 89.274856 71.344236 87.920419 51.865210 94.921020 92.357999 8.000000 51.788030 67.720012 71.568149 41.012193 
40 27.784888 31.622777 88.090862 2.828427 50.000000 84.758480 44.045431 67.675697 84.023806 84.876381 72.443081 1.414214 84.059503 74.040529 89.185201 31.780497 87.464278 79.208585 71.007042 8.485281 82.036577 83.725743 87.965902 0.000000 71.063352 6.000000 86.267027 57.428216 71.007042 35.014283 84.723078 39.319207 41.012193 32.280025 86.821656 54.129474 39.012818 83.868945 4.000000 0.000000 2.000000 83.868945 37.336309 69.123079 86.821656 84.059503 72.124892 56.515485 85.146932 86.452299 3.162278 90.609050 82.036577 5.099020 86.313383 1.414214 32.280025 86.313383 67.364679 85.755466 50.695167 91.967386 91.093359 8.944272 51.244512 66.708320 70.611614 37.013511 
41 26.832816 32.310989 89.643739 4.472136 50.596443 85.440037 46.043458 68.352030 85.603738 86.023253 74.431176 3.162278 85.146932 74.632433 89.810912 32.280025 88.509886 80.659779 73.006849 7.211103 83.486526 84.723078 89.498603 2.000000 73.061618 6.324555 87.692645 57.706152 73.006849 37.013511 85.755466 39.623226 43.011626 32.893768 87.920419 54.571055 41.012193 85.428333 2.000000 2.000000 0.000000 85.428333 39.319207 69.641941 87.920419 85.146932 72.732386 57.008771 86.267027 87.965902 1.414214 92.097774 83.486526 3.162278 87.235314 1.414214 32.893768 87.783825 69.354164 86.821656 51.244512 93.434469 91.706052 8.246211 51.478151 67.186308 71.063352 39.012818 
42 84.154620 59.615434 4.242641 83.630138 51.244512 45.803930 58.872744 44.384682 1.414214 24.041631 61.400326 83.737686 26.907248 47.539457 49.678969 62.032250 29.732137 8.246211 54.332311 85.146932 7.211103 31.240999 4.472136 83.868945 56.320511 80.212219 8.944272 58.137767 52.345009 60.033324 29.732137 61.611687 59.093147 60.166436 26.907248 54.000000 58.137767 0.000000 87.005747 83.868945 85.428333 0.000000 55.569776 50.000000 26.907248 26.907248 46.818800 52.038447 25.455844 4.000000 85.603738 8.246211 7.211103 88.408144 35.383612 85.276022 60.166436 6.324555 60.033324 28.284271 52.153619 10.198039 50.990195 82.377181 60.033324 51.419841 52.497619 60.827625 
43 54.424259 36.796739 59.682493 35.693137 48.764741 75.538070 9.899495 60.876925 55.226805 65.924199 37.336309 36.496575 66.483081 67.911707 80.622577 39.698866 70.455660 53.851648 34.525353 43.011626 56.462377 68.117545 60.033324 37.336309 34.928498 37.013511 60.926185 60.033324 34.234486 4.472136 68.264193 46.690470 7.211103 38.209946 68.731361 54.589376 4.472136 55.569776 41.303753 37.336309 39.319207 55.569776 0.000000 65.145990 68.731361 66.483081 65.969690 55.461698 66.753277 59.059292 40.199502 63.529521 56.462377 42.426407 72.027772 38.470768 38.209946 59.933296 32.310989 68.468971 50.119856 65.299311 82.607506 41.109610 56.035703 63.906181 67.675697 6.000000 
44 53.009433 37.656341 52.172790 70.611614 19.235384 17.029386 74.094534 5.830952 51.244512 31.144823 93.005376 69.856997 28.284271 5.656854 20.591260 37.363083 29.120440 41.761226 86.833173 65.192024 43.174066 24.738634 50.990195 69.123079 88.408144 63.324561 44.407207 14.142136 85.276022 68.410526 26.683328 30.463092 72.111026 36.878178 30.594117 15.231546 69.570109 50.000000 70.213959 69.123079 69.641941 50.000000 65.145990 0.000000 30.594117 28.284271 4.472136 12.649111 30.265492 49.030603 68.963759 50.358713 43.174066 71.470274 24.166092 70.342022 36.878178 46.690470 89.308454 28.635642 18.439089 50.159745 22.360680 62.625873 20.000000 2.828427 2.828427 70.880181 
45 78.243211 56.727418 27.018512 87.464278 41.400483 20.248457 75.059976 26.570661 28.319605 3.162278 84.770278 87.132084 2.828427 26.076810 23.323808 58.000000 2.828427 20.591260 77.794601 85.428333 20.000000 6.000000 25.612497 86.821656 79.699435 81.841310 18.439089 43.081318 75.894664 72.993150 4.000000 54.037024 74.242845 56.639209 0.000000 41.182521 72.443081 26.907248 89.050547 86.821656 87.920419 26.907248 68.731361 30.594117 0.000000 2.828427 26.305893 38.470768 2.000000 24.083189 87.658428 23.323808 20.000000 90.443352 8.944272 88.204308 56.639209 21.260292 82.462113 2.000000 41.617304 22.360680 24.413111 82.619610 47.413078 32.984845 32.249031 74.672619 
46 75.432089 53.907328 27.459060 84.723078 38.600518 19.235384 73.006849 24.041631 28.319605 3.162278 83.486526 84.380092 0.000000 24.000000 22.803509 55.172457 4.000000 20.000000 76.550637 82.619610 19.798990 4.472136 26.076810 84.059503 78.434686 79.056942 18.867962 40.496913 74.672619 70.710678 2.828427 51.224994 72.111026 53.814496 2.828427 38.470768 70.256672 26.907248 86.267027 84.059503 85.146932 26.907248 66.483081 28.284271 2.828427 0.000000 24.083189 35.777088 2.000000 24.413111 84.876381 24.166092 19.798990 87.658428 8.485281 85.440037 53.814496 21.633308 81.043198 2.000000 38.832976 23.409400 24.083189 79.812280 44.721360 30.594117 30.066593 72.443081 
47 57.008771 40.521599 48.764741 73.498299 22.135944 13.038405 74.632433 5.099020 48.104054 27.018512 92.357999 72.801099 24.083189 2.000000 17.088007 40.496913 24.738634 38.626416 86.023253 68.541958 39.849718 20.396078 47.539457 72.124892 87.658428 66.407831 40.792156 18.439089 84.403791 69.426220 22.360680 34.000000 72.801099 39.849718 26.305893 18.867962 70.342022 46.818800 73.389373 72.124892 72.732386 46.818800 65.969690 4.472136 26.305893 24.083189 0.000000 16.124515 26.076810 45.607017 72.111026 46.690470 39.849718 74.672619 19.697716 73.375745 39.849718 43.174066 88.836929 24.331050 21.540659 46.389654 18.973666 65.924199 24.083189 7.211103 6.000000 71.805292 
48 41.109610 25.179357 55.009090 58.051701 7.071068 29.154759 64.884513 12.727922 53.084838 38.078866 86.313383 57.271284 35.777088 17.888544 33.105891 24.738634 37.735925 44.000000 80.622577 52.554733 46.043458 33.286634 54.037024 56.515485 82.024387 50.695167 48.373546 6.324555 79.246451 58.309519 34.985711 17.888544 62.609903 24.331050 38.470768 2.828427 59.933296 52.038447 57.567352 56.515485 57.008771 52.038447 55.461698 12.649111 38.470768 35.777088 16.124515 0.000000 37.576588 52.038447 56.320511 54.332311 46.043458 58.821765 34.058773 57.723479 24.331050 50.159745 82.219219 36.715120 6.000000 54.589376 34.928498 49.979996 8.944272 10.198039 14.142136 60.926185 
49 77.006493 55.226805 25.806976 85.755466 40.224371 21.023796 73.061618 25.961510 26.870058 1.414214 82.861330 85.440037 2.000000 26.000000 24.413111 56.568542 4.472136 18.867962 75.894664 83.868945 18.439089 6.324555 24.413111 85.146932 77.794601 80.212219 17.204651 42.379240 74.000000 71.021124 4.472136 52.801515 72.249567 55.172457 2.000000 40.249224 70.455660 25.455844 87.418534 85.146932 86.267027 25.455844 66.753277 30.265492 2.000000 2.000000 26.076810 37.576588 0.000000 22.803509 86.023253 22.360680 18.439089 88.814413 10.000000 86.533231 55.172457 20.000000 80.523289 2.828427 40.496913 21.540659 25.612497 81.055537 46.518813 32.557641 32.062439 72.691127 
50 85.615419 61.269895 3.162278 86.313383 51.788030 43.566042 62.625873 43.566042 5.099020 21.400935 65.375837 86.371292 24.413111 46.173586 47.201695 63.560994 26.907248 8.246211 58.309519 87.418534 6.000000 28.844410 2.000000 86.452299 60.299254 82.619610 5.656854 58.000000 56.320511 63.529521 27.202941 62.641839 62.769419 61.741396 24.083189 54.147945 61.741396 4.000000 89.498603 86.452299 87.965902 4.000000 59.059292 49.030603 24.083189 24.413111 45.607017 52.038447 22.803509 0.000000 88.090862 4.472136 6.000000 90.906545 32.802439 87.863531 61.741396 2.828427 64.031242 25.612497 52.611786 6.324555 48.414874 84.628600 60.299254 50.635956 51.419841 64.404969 
51 25.495098 31.780497 89.810912 5.830952 49.979996 84.864598 47.095647 67.779053 85.802098 85.802098 75.538070 4.472136 84.876381 74.000000 89.196412 31.622777 88.204308 80.721744 74.027022 5.830952 83.546394 84.380092 89.643739 3.162278 74.108029 5.830952 87.726849 56.885851 74.000000 38.000000 85.440037 38.832976 44.045431 32.310989 87.658428 53.851648 42.000000 85.603738 1.414214 3.162278 1.414214 85.603738 40.199502 68.963759 87.658428 84.876381 72.111026 56.320511 86.023253 88.090862 0.000000 92.195445 83.546394 2.828427 86.833173 2.828427 32.310989 87.863531 70.455660 86.533231 50.596443 93.509358 91.082380 7.071068 50.635956 66.483081 70.342022 40.049969 
52 89.050547 64.884513 5.099020 90.520716 54.571055 43.382024 67.067131 45.099889 9.055385 21.023796 69.180922 90.553851 24.166092 47.074409 46.647615 67.082039 26.076810 11.661904 62.128898 91.400219 8.944272 28.635642 4.000000 90.609050 64.124878 86.683332 6.000000 60.133186 60.133186 68.000000 26.832816 65.787537 67.230945 65.299311 23.323808 56.568542 66.211781 8.246211 93.605555 90.609050 92.097774 8.246211 63.529521 50.358713 23.323808 24.166092 46.690470 54.332311 22.360680 4.472136 92.195445 0.000000 8.944272 95.015788 32.249031 92.021737 65.299311 4.472136 68.000000 25.059928 55.317267 2.000000 47.707442 88.600226 62.801274 52.153619 52.611786 68.876701 
53 80.112421 55.946403 9.055385 82.036577 45.891176 38.600518 60.876925 37.656341 8.602325 17.029386 66.287254 82.024387 19.798990 40.496913 42.520583 58.137767 22.803509 2.828427 59.228372 82.619610 0.000000 24.083189 8.000000 82.036577 61.188234 77.987178 4.472136 52.000000 57.271284 60.926185 22.627417 56.920998 60.728906 56.356011 20.000000 48.166378 59.464275 7.211103 84.958814 82.036577 83.486526 7.211103 56.462377 43.174066 20.000000 19.798990 39.849718 46.043458 18.439089 6.000000 83.546394 8.944272 0.000000 86.371292 28.284271 83.450584 56.356011 4.472136 64.498062 21.260292 46.690470 10.000000 43.863424 79.812280 54.332311 44.721360 45.607017 62.032250 
54 26.570661 34.438351 92.617493 7.071068 52.554733 87.464278 49.010203 70.384657 88.600226 88.600226 77.317527 6.000000 87.658428 76.550637 91.760558 34.176015 90.972523 83.546394 76.000000 7.071068 86.371292 87.132084 92.455395 5.099020 76.026311 8.602325 90.553851 59.228372 76.026311 40.049969 88.204308 41.231056 46.000000 34.928498 90.443352 56.320511 44.045431 88.408144 1.414214 5.099020 3.162278 88.408144 42.426407 71.470274 90.443352 87.658428 74.672619 58.821765 88.814413 90.906545 2.828427 95.015788 86.371292 0.000000 89.554453 4.000000 34.928498 90.686272 72.249567 89.308454 53.141321 96.332757 93.637599 9.055385 52.952809 68.963759 72.801099 42.000000 
55 74.953319 55.226805 35.805028 87.235314 38.288379 11.401754 79.158070 21.400935 36.796739 11.401754 91.181138 86.764048 8.485281 18.973666 14.422205 56.035703 6.324555 28.425341 84.308956 84.059503 28.284271 4.472136 34.409301 86.313383 86.162637 81.006173 27.202941 37.735925 82.462113 76.105190 5.656854 50.990195 78.025637 54.918121 8.944272 36.878178 76.000000 35.383612 88.192970 86.313383 87.235314 35.383612 72.027772 24.166092 8.944272 8.485281 19.697716 34.058773 10.000000 32.802439 86.833173 32.249031 28.284271 89.554453 0.000000 87.658428 54.918121 30.000000 88.543774 7.211103 38.209946 31.304952 15.620499 81.301906 42.801869 26.832816 25.298221 78.025637 
56 28.178006 32.893768 89.498603 3.162278 51.244512 86.034877 45.011110 68.949257 85.428333 86.267027 73.334848 2.000000 85.440037 75.286121 90.443352 32.984845 88.836929 80.622577 72.000000 8.602325 83.450584 85.088190 89.375612 1.414214 72.027772 7.071068 87.681241 58.549125 72.027772 36.055513 86.092973 40.447497 42.000000 33.526109 88.204308 55.317267 40.049969 85.276022 3.162278 1.414214 1.414214 85.276022 38.470768 70.342022 88.204308 85.440037 73.375745 57.723479 86.533231 87.863531 2.828427 92.021737 83.450584 4.000000 87.658428 0.000000 33.526109 87.726849 68.264193 87.132084 51.923020 93.380940 92.347171 9.486833 52.345009 67.911707 71.805292 38.000000 
57 24.041631 1.414214 64.078077 33.734256 17.720045 52.554733 48.104054 35.468296 60.745370 55.154329 74.094534 32.984845 53.814496 41.761226 56.920998 2.000000 56.850682 53.665631 69.771054 29.154759 56.356011 52.801515 63.560994 32.280025 70.710678 26.570661 60.033324 26.076810 68.876701 39.698866 54.037024 8.944272 45.254834 0.000000 56.639209 22.090722 42.426407 60.166436 33.615473 32.280025 32.893768 60.166436 38.209946 36.878178 56.639209 53.814496 39.849718 24.331050 55.172457 61.741396 32.310989 65.299311 56.356011 34.928498 54.918121 33.526109 0.000000 60.827625 69.339743 55.317267 18.439089 66.241981 58.821765 26.419690 20.396078 34.525353 38.470768 42.520583 
58 84.581322 60.415230 5.830952 86.267027 50.219518 40.816663 63.890531 41.303753 7.615773 18.601075 67.601775 86.278618 21.633308 43.680659 44.407207 62.609903 24.083189 7.211103 60.530984 87.005747 4.472136 26.076810 4.472136 86.313383 62.513998 82.328610 2.828427 56.035703 58.549125 64.404969 24.413111 61.351447 63.906181 60.827625 21.260292 52.345009 62.769419 6.324555 89.274856 86.313383 87.783825 6.324555 59.933296 46.690470 21.260292 21.633308 43.174066 50.159745 20.000000 2.828427 87.863531 4.472136 4.472136 90.686272 30.000000 87.726849 60.827625 0.000000 66.121101 22.803509 50.990195 5.656854 45.607017 84.202138 58.549125 48.373546 49.030603 65.391131 
