#

param c:
    1  2  3  4  5  6  7  8  9 10 11 12 13 14 15 16 17 18 19 20 21 22 23 24 25 26 27 28 29 30 31 32 33 34 35 36 37 38 39 40 41 42 43 44 45 46 47 48 49 50 51 52 53 54 55 56 57 58 59 60 61 62 63 64 65 66 67 :=
 1 0.000000 58.180753 25.298221 80.956779 41.880783 13.038405 63.600314 38.209946 51.788030 18.439089 31.000000 47.539457 17.804494 15.231546 42.544095 18.681542 28.071338 28.160256 22.803509 53.758720 52.886671 21.377558 28.301943 48.083261 37.121422 19.646883 23.706539 30.016662 14.866069 36.055513 82.365041 23.345235 43.416587 19.723083 60.216277 53.851648 57.628118 44.922155 31.064449 54.203321 57.688820 29.154759 55.803226 29.017236 56.035703 27.586228 37.443290 20.124612 18.357560 54.230987 43.081318 34.525353 29.410882 53.823787 23.537205 21.587033 18.681542 81.006173 17.888544 37.215588 91.782351 79.075913 77.698134 15.811388 59.363288 43.965896 25.317978 
 2 58.180753 0.000000 43.185646 100.722391 18.027756 70.576200 30.886890 25.000000 33.060551 68.066144 32.557641 10.816654 75.591005 73.409809 15.652476 76.694198 36.069378 32.649655 51.662365 7.280110 10.198039 76.655072 86.313383 38.639358 31.384710 74.464757 47.423623 33.970576 73.006849 31.064449 104.656581 55.226805 36.687873 49.517674 30.805844 5.000000 27.018512 38.327536 31.112698 27.586228 31.890437 36.124784 29.000000 34.655447 30.413813 84.723078 22.203603 48.104054 70.611614 4.242641 15.264338 35.510562 87.235314 29.732137 81.344945 79.479557 76.694198 103.310212 76.059187 32.249031 74.706091 104.278473 102.956301 70.604532 33.421550 38.600518 39.597980 
 3 25.298221 43.185646 0.000000 100.209780 32.893768 37.656341 60.638272 18.439089 27.018512 42.941821 10.630146 32.802439 38.118237 38.052595 29.154759 42.107007 7.211103 11.704700 8.485281 36.796739 34.828150 46.572524 48.507731 22.803509 13.928388 44.922155 4.242641 9.219544 38.118237 13.416408 102.449988 12.041595 18.248288 7.280110 58.051701 38.209946 54.341513 19.646883 12.206556 51.788030 56.568542 7.071068 53.758720 8.602325 54.589376 45.354162 29.832868 6.082763 43.462628 38.948684 28.844410 10.198039 48.836462 52.469038 47.095647 45.099889 42.107007 101.044545 40.000000 13.601471 98.183502 99.904955 98.493655 41.109610 58.549125 18.681542 4.123106 
 4 80.956779 100.722391 100.209780 0.000000 86.023253 77.201036 76.243032 100.448992 118.827606 64.513564 98.412398 96.260064 86.585218 81.743501 92.800862 79.831072 97.948966 94.175368 101.872469 102.625533 104.292857 70.405966 88.684835 118.869677 104.690019 69.856997 100.955436 98.493655 80.777472 103.276328 5.099020 103.445638 113.951744 97.943861 74.000000 100.169856 76.321688 116.103402 96.938125 74.323617 71.512237 99.357939 73.539105 97.836598 72.235725 93.214806 84.023806 97.637083 66.760767 99.644368 94.201911 104.890419 90.669730 72.090221 78.917679 79.246451 79.831072 4.472136 83.198558 105.418215 55.659680 9.219544 9.219544 70.880181 70.837843 115.433964 97.616597 
 5 41.880783 18.027756 32.893768 86.023253 0.000000 53.665631 28.160256 19.235384 35.777088 50.219518 23.345235 10.295630 59.640590 56.938563 7.211103 59.941638 25.961510 21.189620 40.718546 17.088007 18.357560 59.135438 70.178344 38.600518 26.076810 56.920998 36.769553 24.515301 56.435804 25.019992 89.587946 44.283180 34.713110 37.589892 26.000000 15.297059 22.022716 36.878178 21.377558 20.099751 25.179357 26.683328 22.090722 24.738634 23.194827 69.202601 4.472136 36.235342 52.886671 15.132746 8.602325 29.017236 71.281134 21.377558 64.404969 62.609903 59.941638 88.204308 59.682493 27.073973 69.123079 88.684835 87.321246 53.141321 27.166155 36.674242 28.792360 
 6 13.038405 70.576200 37.656341 77.201036 53.665631 0.000000 72.835431 51.244512 64.498062 13.038405 44.011362 60.083276 10.049876 5.099020 55.027266 6.403124 41.012193 41.194660 33.615473 66.483081 65.734314 9.433981 17.804494 60.415230 50.039984 8.485281 35.440090 43.000000 4.123106 49.010203 77.833155 33.120990 55.901699 31.320920 69.310894 66.407831 67.208630 57.271284 44.102154 63.655322 66.528190 42.047592 65.053824 42.000000 65.069194 19.313208 49.193496 32.015621 10.440307 66.730802 55.659680 47.265209 19.416488 62.936476 10.770330 8.944272 6.403124 76.550637 7.615773 50.089919 96.135321 73.925638 72.615425 6.324555 68.014704 56.293872 38.118237 
 7 63.600314 30.886890 60.638272 76.243032 28.160256 72.835431 0.000000 47.000000 61.392182 65.000000 51.478151 33.541020 80.919713 77.155687 34.014703 79.195959 53.935146 49.030603 68.007353 36.400549 39.217343 75.432089 90.553851 65.490457 54.009258 73.246160 64.288413 52.611786 76.419893 53.037722 80.777472 71.470274 62.128898 64.513564 3.605551 33.241540 6.324555 64.195015 49.497475 9.433981 6.708204 54.744863 7.810250 52.773099 7.810250 90.906545 30.805844 63.245553 68.410526 32.310989 35.057096 57.140179 92.021737 9.899495 82.807005 81.344945 79.195959 79.555012 79.981248 55.009090 43.829214 81.584312 80.411442 70.178344 6.082763 64.124878 56.515485 
 8 38.209946 25.000000 18.439089 100.448992 19.235384 51.244512 47.000000 0.000000 18.384776 52.611786 8.062258 15.231546 54.120237 52.952809 13.038405 56.718604 11.661904 10.049876 26.907248 18.384776 16.401219 59.000000 64.845971 19.697716 7.071068 57.008771 22.671568 9.433981 52.773099 6.324555 103.479467 30.413813 15.524175 25.238859 45.099889 20.000000 41.048752 17.720045 7.280110 39.319207 44.407207 11.401754 41.303753 10.295630 42.426407 62.393910 18.384776 23.853721 54.230987 20.808652 12.165525 10.770330 65.459911 40.607881 61.660360 59.682493 56.718604 102.068604 55.317267 8.062258 88.294960 101.828287 100.424101 53.009433 46.389654 17.464249 15.264338 
 9 51.788030 33.060551 27.018512 118.827606 35.777088 64.498062 61.392182 18.384776 0.000000 68.308125 21.931712 27.892651 65.030762 65.069194 28.635642 69.115845 24.041631 25.942244 33.376639 26.000000 23.000000 73.164199 75.239617 7.071068 15.231546 71.386273 30.066593 22.472205 65.122961 16.552945 121.827747 35.902646 9.219544 34.014703 60.166436 29.017236 56.044625 8.944272 22.825424 55.027266 60.083276 22.803509 56.920998 23.409400 58.189346 71.700767 36.055513 33.000000 69.375788 30.016662 27.313001 17.262677 75.425460 56.648036 74.108029 72.111026 69.115845 120.415946 67.007462 14.866069 104.355163 120.104121 118.697093 67.468511 61.983869 9.848858 26.476405 
10 18.439089 68.066144 42.941821 64.513564 50.219518 13.038405 65.000000 52.611786 68.308125 0.000000 46.572524 58.309519 23.000000 18.000000 53.235327 17.464249 44.271887 42.953463 41.231056 65.192024 65.030762 10.630146 28.792360 65.391131 53.160135 8.602325 41.880783 45.880279 17.000000 51.923020 65.391131 41.725292 60.539243 38.013156 61.400326 64.498062 59.908263 62.241465 46.097722 56.302753 58.412327 45.541190 57.428216 44.922155 57.201399 31.575307 45.891176 38.275318 3.605551 64.629715 54.147945 51.264022 30.675723 55.217751 19.235384 18.384776 17.464249 64.078077 20.099751 53.450912 84.308956 61.717096 60.373835 7.071068 59.665736 61.326992 42.154478 
11 31.000000 32.557641 10.630146 98.412398 23.345235 44.011362 51.478151 8.062258 21.931712 46.572524 0.000000 22.203603 46.324939 45.398238 18.788294 49.254441 3.605551 4.242641 19.104973 26.248809 24.413111 52.153619 57.008771 20.518285 6.708204 50.249378 14.866069 1.414214 45.276926 5.385165 101.118742 22.671568 15.556349 17.204651 49.162994 27.586228 45.276926 17.691806 2.000000 43.046487 48.010416 3.605551 45.044423 2.236068 46.010868 54.424259 21.000000 15.811388 47.853944 28.319605 18.357560 6.708204 57.567352 44.000000 54.230987 52.239832 49.254441 99.704564 47.675990 7.211103 90.934042 99.085821 97.672924 46.270941 50.009999 17.029386 7.211103 
12 47.539457 10.816654 32.802439 96.260064 10.295630 60.083276 33.541020 15.231546 27.892651 58.309519 22.203603 0.000000 64.845971 62.769419 5.099020 66.128662 25.612497 21.931712 41.231056 7.071068 8.062258 66.490601 75.584390 32.062439 22.135944 64.327288 37.013511 23.600847 62.393910 21.540659 99.859902 44.821870 29.068884 38.897301 32.280025 6.324555 28.160256 31.016125 20.615528 27.313001 32.310989 25.806976 29.154759 24.207437 30.463092 73.925638 13.341664 37.483330 60.671245 6.708204 4.472136 26.000000 76.478755 29.068884 70.837843 68.949257 66.128662 98.478424 65.391131 23.086793 76.550637 98.979796 97.616597 60.415230 34.176015 31.064449 29.068884 
13 17.804494 75.591005 38.118237 86.585218 59.640590 10.049876 80.919713 54.120237 65.030762 23.000000 46.324939 64.845971 0.000000 5.000000 59.941638 7.211103 42.953463 44.271887 32.140317 70.774289 69.641941 16.552945 10.770330 60.074953 51.623638 16.763055 35.000000 45.122057 6.000000 50.803543 86.977008 30.594117 56.000000 31.016125 77.466122 71.112587 75.073298 57.035077 46.840154 71.589105 74.813100 43.737855 73.109507 44.147480 73.246160 10.000000 55.217751 32.062439 20.099751 71.554175 60.373835 48.259714 11.661904 71.063352 10.816654 9.219544 7.211103 85.726309 3.605551 51.478151 105.948101 82.873397 81.596569 16.031220 76.400262 56.035703 39.623226 
14 15.231546 73.409809 38.052595 81.743501 56.938563 5.099020 77.155687 52.952809 65.069194 18.000000 45.398238 62.769419 5.000000 0.000000 57.775427 4.123106 42.190046 42.953463 32.984845 68.949257 68.007353 12.206556 13.453624 60.530984 51.088159 12.083046 35.355339 44.283180 1.000000 50.159745 82.219219 31.953091 56.222771 31.256999 73.661387 69.079664 71.421285 57.428216 45.705580 67.896981 70.936591 43.104524 69.354164 43.289722 69.426220 14.317821 52.478567 32.140317 15.132746 69.462220 58.309519 48.000000 14.866069 67.268120 9.055385 7.071068 4.123106 80.956779 2.828427 51.039201 101.192885 78.185676 76.896034 11.045361 72.470684 56.435804 39.051248 
15 42.544095 15.652476 29.154759 92.800862 7.211103 55.027266 34.014703 13.038405 28.635642 53.235327 18.788294 5.099020 59.941638 57.775427 0.000000 61.098281 21.954498 17.804494 37.443290 12.000000 12.369317 61.392182 70.661163 31.780497 20.099751 59.228372 33.286634 20.124612 57.384667 19.235384 96.260064 41.048752 28.160256 34.828150 32.249031 11.401754 28.160256 30.265492 17.000000 26.683328 31.780497 22.360680 28.635642 20.591260 29.832868 69.115845 8.944272 33.421550 55.578773 11.704700 1.414214 23.537205 71.589105 28.160256 65.787537 63.906181 61.098281 94.868330 60.415230 21.095023 75.960516 95.189285 93.813645 55.317267 33.734256 30.149627 25.238859 
16 18.681542 76.694198 42.107007 79.831072 59.941638 6.403124 79.195959 56.718604 69.115845 17.464249 49.254441 66.128662 7.211103 4.123106 61.098281 0.000000 46.097722 46.690470 37.107951 72.422372 71.568149 9.486833 11.661904 64.629715 55.036352 10.049876 39.458839 48.166378 4.000000 54.083269 80.081209 36.055513 60.299254 35.355339 75.663730 72.449983 73.593478 61.522354 49.497475 70.035705 72.862885 47.042534 71.421285 47.169906 71.421285 14.142136 55.470713 36.221541 14.142136 72.801099 61.684682 52.009614 13.416408 69.296465 5.000000 3.000000 0.000000 78.847955 3.605551 55.009090 101.592323 75.894664 74.632433 10.440307 74.330344 60.530984 43.011626 
17 28.071338 36.069378 7.211103 97.948966 25.961510 41.012193 53.935146 11.661904 24.041631 44.271887 3.605551 25.612497 42.953463 42.190046 21.954498 46.097722 0.000000 5.000000 15.620499 29.832868 28.017851 49.365980 53.600373 21.633308 9.055385 47.518417 11.401754 2.236068 42.107007 8.000000 100.498756 19.209373 16.643317 13.601471 51.478151 31.112698 47.675990 18.601075 5.000000 45.276926 50.159745 1.414214 47.265209 1.414214 48.166378 50.921508 23.194827 12.206556 45.354162 31.827661 21.633308 7.211103 54.120237 46.097722 51.088159 49.091751 46.097722 99.085821 44.407207 9.219544 92.541882 98.290386 96.876210 43.566042 52.153619 17.804494 3.605551 
18 28.160256 32.649655 11.704700 94.175368 21.189620 41.194660 49.030603 10.049876 25.942244 42.953463 4.242641 21.931712 44.271887 42.953463 17.804494 46.690470 5.000000 0.000000 19.723083 26.925824 25.495098 49.010203 55.027266 24.758837 10.816654 47.042534 15.652476 4.472136 42.755117 9.433981 96.876210 23.323808 19.798990 17.029386 46.529560 27.802878 42.755117 21.931712 3.162278 40.311289 45.177428 6.082763 42.296572 4.123106 43.185646 52.801515 18.248288 15.620499 44.407207 28.425341 17.691806 10.816654 55.713553 41.109610 51.623638 49.648766 46.690470 95.462034 45.354162 11.401754 87.572827 94.847246 93.434469 43.046487 47.169906 21.260292 7.615773 
19 22.803509 51.662365 8.485281 101.872469 40.718546 33.615473 68.007353 26.907248 33.376639 41.231056 19.104973 41.231056 32.140317 32.984845 37.443290 37.107951 15.620499 19.723083 0.000000 45.276926 43.278170 42.953463 42.011903 28.000000 21.954498 41.593269 4.242641 17.691806 33.241540 21.633308 103.730420 3.605551 24.186773 4.123106 65.253352 46.690470 61.684682 25.019992 20.615528 58.940648 63.560994 15.556349 60.876925 17.029386 61.611687 38.327536 37.336309 5.000000 41.048752 47.423623 37.202150 17.888544 42.107007 59.439044 41.976184 40.024992 37.107951 102.342562 34.525353 21.470911 104.000000 100.801786 99.403219 38.078866 65.513357 24.020824 12.206556 
20 53.758720 7.280110 36.796739 102.625533 17.088007 66.483081 36.400549 18.384776 26.000000 65.192024 26.248809 7.071068 70.774289 68.949257 12.000000 72.422372 29.832868 26.925824 45.276926 0.000000 3.000000 73.164199 81.541401 31.400637 24.413111 71.021124 41.036569 27.658633 68.622154 24.207437 106.329676 48.795492 29.410882 43.416587 35.777088 3.162278 31.764760 31.048349 25.000000 31.622777 36.359318 29.732137 33.286634 28.425341 34.669872 79.605276 20.396078 42.011903 67.475922 4.123106 11.045361 28.600699 82.346828 33.600595 77.201036 75.286121 72.422372 104.957134 71.512237 25.238859 80.112421 105.588825 104.235311 67.082039 38.078866 31.320920 33.421550 
21 52.886671 10.198039 34.828150 104.292857 18.357560 65.734314 39.217343 16.401219 23.000000 65.030762 24.413111 8.062258 69.641941 68.007353 12.369317 71.568149 28.017851 25.495098 43.278170 3.000000 0.000000 72.691127 80.411442 28.442925 22.022716 70.576200 39.051248 25.806976 67.720012 21.931712 107.912001 46.754679 26.570661 41.617304 38.483763 6.082763 34.438351 28.160256 23.323808 34.132096 38.948684 27.802878 35.846897 26.627054 37.215588 78.294317 21.189620 40.224371 67.186308 7.071068 11.180340 26.248809 81.154174 36.055513 76.400262 74.464757 71.568149 106.531685 70.519501 22.803509 82.855296 107.042048 105.678759 66.610810 40.706265 28.460499 31.622777 
22 21.377558 76.655072 46.572524 70.405966 59.135438 9.433981 75.432089 59.000000 73.164199 10.630146 52.153619 66.490601 16.552945 12.206556 61.392182 9.486833 49.365980 49.010203 42.953463 73.164199 72.691127 0.000000 19.235384 69.375788 58.420887 2.236068 44.598206 51.244512 11.401754 57.314920 70.604532 42.544095 64.761099 40.496913 71.840100 72.780492 70.213959 66.219333 52.038447 66.610810 68.883960 50.487622 67.801180 50.249378 67.623960 23.021729 54.708317 41.109610 7.071068 73.006849 62.169124 55.901699 21.213203 65.604878 9.219544 9.000000 9.486833 69.375788 13.000000 58.549125 94.429868 66.407831 65.145990 6.082763 70.178344 65.253352 46.690470 
23 28.301943 86.313383 48.507731 88.684835 70.178344 17.804494 90.553851 64.845971 75.239617 28.792360 57.008771 75.584390 10.770330 13.453624 70.661163 11.661904 53.600373 55.027266 42.011903 81.541401 80.411442 19.235384 0.000000 70.007142 62.169124 20.615528 45.177428 55.785303 14.142136 61.392182 88.459030 40.049969 66.121101 41.303753 87.045965 81.859636 84.852814 67.029844 57.567352 81.320354 84.291162 54.341513 82.758685 54.817880 82.807005 5.656854 65.734314 42.426407 25.298221 82.292162 71.112587 58.694122 2.000000 80.659779 10.049876 10.440307 11.661904 87.298339 10.630146 61.983869 113.088461 83.952367 82.764727 21.931712 85.796270 66.030296 50.219518 
24 48.083261 38.639358 22.803509 118.869677 38.600518 60.415230 65.490457 19.697716 7.071068 65.391131 20.518285 32.062439 60.074953 60.530984 31.780497 64.629715 21.633308 24.758837 28.000000 31.400637 28.442925 69.375788 70.007142 0.000000 14.212670 67.720012 25.179357 20.615528 60.671245 15.620499 121.622366 30.149627 5.000000 29.274562 63.953108 34.234486 59.841457 3.162278 21.931712 58.463664 63.560994 20.248457 60.415230 21.400935 61.611687 66.189123 38.078866 28.442925 66.128662 35.227830 30.594117 14.422205 70.064256 59.908263 69.584481 67.601775 64.629715 120.208153 62.289646 13.453624 107.703296 119.603512 118.190524 63.890531 65.513357 4.123106 23.259407 
25 37.121422 31.384710 13.928388 104.690019 26.076810 50.039984 54.009258 7.071068 15.231546 53.160135 6.708204 22.135944 51.623638 51.088159 20.099751 55.036352 9.055385 10.816654 21.954498 24.413111 22.022716 58.420887 62.169124 14.212670 0.000000 56.568542 17.888544 7.280110 51.039201 1.414214 107.489534 25.238859 9.433981 21.189620 52.038447 26.419690 48.010416 11.661904 7.810250 46.173586 51.244512 8.000000 48.166378 8.246211 49.254441 59.203040 24.738634 19.924859 54.341513 27.294688 19.235384 4.242641 62.585941 47.381431 60.033324 58.034473 55.036352 106.075445 53.235327 1.000000 94.921020 105.550936 104.139330 52.611786 53.235327 11.180340 12.041595 
26 19.646883 74.464757 44.922155 69.856997 56.920998 8.485281 73.246160 57.008771 71.386273 8.602325 50.249378 64.327288 16.763055 12.083046 59.228372 10.049876 47.518417 47.042534 41.593269 71.021124 70.576200 2.236068 20.615528 67.720012 56.568542 0.000000 43.081318 49.365980 11.180340 55.443665 70.213959 41.340053 63.063460 39.000000 69.656299 70.611614 68.007353 64.560050 50.089919 64.404969 66.708320 48.662100 65.604878 48.373546 65.436993 24.020824 52.497619 39.560081 5.000000 70.830784 60.016664 54.129474 22.561028 63.411355 10.770330 10.198039 10.049876 68.963759 13.341664 56.718604 92.703829 66.128662 64.845971 4.000000 68.014704 63.600314 44.911023 
27 23.706539 47.423623 4.242641 100.955436 36.769553 35.440090 64.288413 22.671568 30.066593 41.880783 14.866069 37.013511 35.000000 35.355339 33.286634 39.458839 11.401754 15.652476 4.242641 41.036569 39.051248 44.598206 45.177428 25.179357 17.888544 43.081318 0.000000 13.453624 35.510562 17.492856 103.004854 7.810250 21.000000 4.123106 61.611687 42.449971 57.974132 22.090722 16.401219 55.317267 60.016664 11.313708 57.271284 12.806248 58.051701 41.773197 33.526109 3.605551 42.059482 43.185646 33.015148 13.928388 45.398238 55.901699 44.407207 42.426407 39.458839 101.607086 37.121422 17.464249 101.044545 100.264650 98.858485 39.395431 61.983869 21.095023 8.062258 
28 30.016662 33.970576 9.219544 98.493655 24.515301 43.000000 52.611786 9.433981 22.472205 45.880279 1.414214 23.600847 45.122057 44.283180 20.124612 48.166378 2.236068 4.472136 17.691806 27.658633 25.806976 51.244512 55.785303 20.615528 7.280110 49.365980 13.453624 0.000000 44.181444 6.082763 101.138519 21.260292 15.620499 15.811388 50.249378 29.000000 46.389654 17.691806 3.162278 44.102154 49.040799 2.236068 46.097722 1.000000 47.042534 53.141321 22.022716 14.422205 47.074409 29.732137 19.723083 6.403124 56.320511 45.011110 53.150729 51.156622 48.166378 99.724621 46.529560 7.615773 91.787799 99.035347 97.621719 45.398238 51.039201 16.970563 5.830952 
29 14.866069 73.006849 38.118237 80.777472 56.435804 4.123106 76.419893 52.773099 65.122961 17.000000 45.276926 62.393910 6.000000 1.000000 57.384667 4.000000 42.107007 42.755117 33.241540 68.622154 67.720012 11.401754 14.142136 60.671245 51.039201 11.180340 35.510562 44.181444 0.000000 50.089919 81.271151 32.310989 56.320511 31.400637 72.917762 68.709534 70.710678 57.558666 45.541190 67.178866 70.178344 43.046487 68.622154 43.185646 68.680419 15.231546 51.971146 32.249031 14.142136 69.079664 57.939624 48.010416 15.620499 66.528190 9.000000 7.000000 4.000000 80.006250 3.605551 51.009803 100.244701 77.252832 75.960516 10.049876 71.700767 56.568542 39.012818 
30 36.055513 31.064449 13.416408 103.276328 25.019992 49.010203 53.037722 6.324555 16.552945 51.923020 5.385165 21.540659 50.803543 50.159745 19.235384 54.083269 8.000000 9.433981 21.633308 24.207437 21.931712 57.314920 61.392182 15.620499 1.414214 55.443665 17.492856 6.082763 50.089919 0.000000 106.075445 25.000000 10.816654 20.615528 51.009803 26.076810 47.000000 13.038405 6.403124 45.099889 50.159745 7.071068 47.095647 7.071068 48.166378 58.523500 23.537205 19.313208 53.150729 26.925824 18.439089 4.472136 61.846584 46.270941 59.076222 57.078893 54.083269 104.661359 52.345009 2.236068 93.744333 104.139330 102.727796 51.478151 52.153619 12.529964 11.180340 
31 82.365041 104.656581 102.449988 5.099020 89.587946 77.833155 80.777472 103.479467 121.827747 65.391131 101.118742 99.859902 86.977008 82.219219 96.260064 80.081209 100.498756 96.876210 103.730420 106.329676 107.912001 70.604532 88.459030 121.622366 107.489534 70.213959 103.004854 101.138519 81.271151 106.075445 0.000000 105.152271 116.674762 99.864909 78.447435 103.942292 80.653580 118.802357 99.704564 78.549348 75.894664 101.911727 77.833155 100.448992 76.550637 93.171884 87.418534 99.624294 67.416615 103.445638 97.652445 107.517440 90.426766 76.321688 78.854296 79.309520 80.081209 1.414214 83.522452 108.189648 60.728906 5.385165 6.082763 71.512237 75.286121 118.105885 100.005000 
32 23.345235 55.226805 12.041595 103.445638 44.283180 33.120990 71.470274 30.413813 35.902646 41.725292 22.671568 44.821870 30.594117 31.953091 41.048752 36.055513 19.209373 23.323808 3.605551 48.795492 46.754679 42.544095 40.049969 30.149627 25.238859 41.340053 7.810250 21.260292 32.310989 25.000000 105.152271 0.000000 26.683328 7.071068 68.680419 50.249378 65.145990 27.294688 24.207437 62.361847 66.940272 19.104973 64.288413 20.615528 65.000000 36.055513 40.853396 8.246211 41.231056 50.990195 40.804412 21.095023 40.000000 62.817195 40.804412 38.897301 36.055513 103.773792 33.241540 24.698178 107.018690 102.078401 100.687636 38.013156 68.883960 26.305893 15.811388 
33 43.416587 36.687873 18.248288 113.951744 34.713110 55.901699 62.128898 15.524175 9.219544 60.539243 15.556349 29.068884 56.000000 56.222771 28.160256 60.299254 16.643317 19.798990 24.186773 29.410882 26.570661 64.761099 66.121101 5.000000 9.433981 63.063460 21.000000 15.620499 56.320511 10.816654 116.674762 26.683328 0.000000 25.019992 60.406953 32.015621 56.320511 2.236068 17.029386 54.744863 59.841457 15.264338 56.718604 16.401219 57.870545 62.513998 33.837849 24.083189 61.351447 32.984845 27.073973 9.433981 66.272166 56.089215 65.276336 63.285069 60.299254 115.260574 58.077534 8.602325 103.812331 114.629839 113.216607 59.203040 61.814238 2.000000 18.384776 
34 19.723083 49.517674 7.280110 97.943861 37.589892 31.320920 64.513564 25.238859 34.014703 38.013156 17.204651 38.897301 31.016125 31.256999 34.828150 35.355339 13.601471 17.029386 4.123106 43.416587 41.617304 40.496913 41.303753 29.274562 21.189620 39.000000 4.123106 15.811388 31.400637 20.615528 99.864909 7.071068 25.019992 0.000000 61.684682 44.598206 58.189346 26.172505 18.439089 55.362442 59.908263 13.892444 57.280014 15.000000 57.974132 38.078866 34.014703 1.414214 38.078866 45.276926 34.713110 17.464249 41.593269 55.785303 40.311289 38.327536 35.355339 98.473347 33.060551 20.880613 100.005000 97.005155 95.603347 35.341194 61.846584 25.179357 10.000000 
35 60.216277 30.805844 58.051701 74.000000 26.000000 69.310894 3.605551 45.099889 60.166436 61.400326 49.162994 32.280025 77.466122 73.661387 32.249031 75.663730 51.478151 46.529560 65.253352 35.777088 38.483763 71.840100 87.045965 63.953108 52.038447 69.656299 61.611687 50.249378 72.917762 51.009803 78.447435 68.680419 60.406953 61.684682 0.000000 32.649655 4.123106 62.513998 47.169906 6.324555 3.162278 52.345009 4.472136 50.358713 4.242641 87.458562 28.284271 60.440053 64.815122 31.764760 33.376639 55.009090 88.526832 6.403124 79.246451 77.794601 75.663730 77.201036 76.485293 53.037722 44.384682 79.075913 77.878110 66.603303 3.162278 62.393910 53.935146 
36 53.851648 5.000000 38.209946 100.169856 15.297059 66.407831 33.241540 20.000000 29.017236 64.498062 27.586228 6.324555 71.112587 69.079664 11.401754 72.449983 31.112698 27.802878 46.690470 3.162278 6.082763 72.780492 81.859636 34.234486 26.419690 70.611614 42.449971 29.000000 68.709534 26.076810 103.942292 50.249378 32.015621 44.598206 32.649655 0.000000 28.653098 33.734256 26.172505 28.600699 33.286634 31.144823 30.232433 29.698485 31.622777 80.131143 19.026298 43.185646 66.910388 1.000000 10.770330 30.528675 82.734515 30.610456 77.162167 75.272837 72.449983 102.576800 71.693793 27.294688 76.967526 103.310212 101.965681 66.708320 34.985711 33.955854 34.655447 
37 57.628118 27.018512 54.341513 76.321688 22.022716 67.208630 6.324555 41.048752 56.044625 59.908263 45.276926 28.160256 75.073298 71.421285 28.160256 73.593478 47.675990 42.755117 61.684682 31.764760 34.438351 70.213959 84.852814 59.841457 48.010416 68.007353 57.974132 46.389654 70.710678 47.000000 80.653580 65.145990 56.320511 58.189346 4.123106 28.653098 0.000000 58.420887 43.289722 3.605551 5.000000 48.507731 3.000000 46.529560 4.123106 85.041167 24.515301 56.920998 63.245553 27.784888 29.274562 51.039201 86.278618 5.099020 77.336925 75.822160 73.593478 79.378838 74.249579 49.010203 48.466483 81.043198 79.812280 64.815122 6.403124 58.309519 50.219518 
38 44.922155 38.327536 19.646883 116.103402 36.878178 57.271284 64.195015 17.720045 8.944272 62.241465 17.691806 31.016125 57.035077 57.428216 30.265492 61.522354 18.601075 21.931712 25.019992 31.048349 28.160256 66.219333 67.029844 3.162278 11.661904 64.560050 22.090722 17.691806 57.558666 13.038405 118.802357 27.294688 2.236068 26.172505 62.513998 33.734256 58.420887 0.000000 19.209373 56.885851 61.983869 17.204651 58.855756 18.439089 60.016664 63.285069 36.055513 25.317978 62.968246 34.713110 29.154759 11.401754 67.119297 58.249464 66.483081 64.498062 61.522354 117.388245 59.211485 10.816654 105.990566 116.726175 115.312619 60.728906 63.953108 1.000000 20.124612 
39 31.064449 31.112698 12.206556 96.938125 21.377558 44.102154 49.497475 7.280110 22.825424 46.097722 2.000000 20.615528 46.840154 45.705580 17.000000 49.497475 5.000000 3.162278 20.615528 25.000000 23.323808 52.038447 57.567352 21.931712 7.810250 50.089919 16.401219 3.162278 45.541190 6.403124 99.704564 24.207437 17.029386 18.439089 47.169906 26.172505 43.289722 19.209373 0.000000 41.048752 46.010868 5.385165 43.046487 3.605551 44.011362 55.154329 19.000000 17.029386 47.518417 26.870058 16.643317 8.544004 58.189346 42.000000 54.451814 52.469038 49.497475 98.290386 48.052055 8.485281 88.955045 97.744565 96.332757 46.097722 48.010416 18.601075 8.485281 
40 54.203321 27.586228 51.788030 74.323617 20.099751 63.655322 9.433981 39.319207 55.027266 56.302753 43.046487 27.313001 71.589105 67.896981 26.683328 70.035705 45.276926 40.311289 58.940648 31.622777 34.132096 66.610810 81.320354 58.463664 46.173586 64.404969 55.317267 44.102154 67.178866 45.099889 78.549348 62.361847 54.744863 55.362442 6.324555 28.600699 3.605551 56.885851 41.048752 0.000000 5.099020 46.173586 2.000000 44.181444 3.162278 81.565924 22.090722 54.120237 59.640590 27.802878 27.892651 49.010203 82.758685 2.236068 73.756356 72.249567 70.035705 77.252832 70.724819 47.169906 49.335586 78.746428 77.491935 61.220911 7.071068 56.718604 47.675990 
41 57.688820 31.890437 56.568542 71.512237 25.179357 66.528190 6.708204 44.407207 60.083276 58.412327 48.010416 32.310989 74.813100 70.936591 31.780497 72.862885 50.159745 45.177428 63.560994 36.359318 38.948684 68.883960 84.291162 63.560994 51.244512 66.708320 60.016664 49.040799 70.178344 50.159745 75.894664 66.940272 59.841457 59.908263 3.162278 33.286634 5.000000 61.983869 46.010868 5.099020 0.000000 51.088159 3.162278 49.091751 2.000000 84.811556 27.018512 58.694122 61.846584 32.449961 32.984845 54.037024 85.796270 4.123106 76.380626 74.953319 72.862885 74.632433 73.756356 52.239832 44.271887 76.400262 75.186435 63.702433 2.000000 61.814238 52.469038 
42 29.154759 36.124784 7.071068 99.357939 26.683328 42.047592 54.744863 11.401754 22.803509 45.541190 3.605551 25.806976 43.737855 43.104524 22.360680 47.042534 1.414214 6.082763 15.556349 29.732137 27.802878 50.487622 54.341513 20.248457 8.000000 48.662100 11.313708 2.236068 43.046487 7.071068 101.911727 19.104973 15.264338 13.892444 52.345009 31.144823 48.507731 17.204651 5.385165 46.173586 51.088159 0.000000 48.166378 2.000000 49.091751 51.546096 24.083189 12.529964 46.572524 31.890437 21.954498 5.830952 54.817880 47.042534 52.038447 50.039984 47.042534 100.498756 45.276926 8.062258 93.648278 99.704564 98.290386 44.721360 53.084838 16.401219 4.123106 
43 55.803226 29.000000 53.758720 73.539105 22.090722 65.053824 7.810250 41.303753 56.920998 57.428216 45.044423 29.154759 73.109507 69.354164 28.635642 71.421285 47.265209 42.296572 60.876925 33.286634 35.846897 67.801180 82.758685 60.415230 48.166378 65.604878 57.271284 46.097722 68.622154 47.095647 77.833155 64.288413 56.718604 57.280014 4.472136 30.232433 3.000000 58.855756 43.046487 2.000000 3.162278 48.166378 0.000000 46.173586 1.414214 83.096330 24.083189 56.044625 60.802960 29.410882 29.832868 51.009803 84.219950 2.236068 75.073298 73.593478 71.421285 76.550637 72.180330 49.162994 47.434165 78.160092 76.922038 62.481997 5.099020 58.694122 49.648766 
44 29.017236 34.655447 8.602325 97.836598 24.738634 42.000000 52.773099 10.295630 23.409400 44.922155 2.236068 24.207437 44.147480 43.289722 20.591260 47.169906 1.414214 4.123106 17.029386 28.425341 26.627054 50.249378 54.817880 21.400935 8.246211 48.373546 12.806248 1.000000 43.185646 7.071068 100.448992 20.615528 16.401219 15.000000 50.358713 29.698485 46.529560 18.439089 3.605551 44.181444 49.091751 2.000000 46.173586 0.000000 47.095647 52.201533 22.090722 13.601471 46.097722 30.413813 20.248457 7.071068 55.362442 45.044423 52.153619 50.159745 47.169906 99.035347 45.541190 8.544004 91.662424 98.310732 96.896852 44.407207 51.088159 17.691806 5.000000 
45 56.035703 30.413813 54.589376 72.235725 23.194827 65.069194 7.810250 42.426407 58.189346 57.201399 46.010868 30.463092 73.246160 69.426220 29.832868 71.421285 48.166378 43.185646 61.611687 34.669872 37.215588 67.623960 82.807005 61.611687 49.254441 65.436993 58.051701 47.042534 68.680419 48.166378 76.550637 65.000000 57.870545 57.974132 4.242641 31.622777 4.123106 60.016664 44.011362 3.162278 2.000000 49.091751 1.414214 47.095647 0.000000 83.240615 25.019992 56.753854 60.605280 30.805844 31.048349 52.038447 84.291162 2.236068 75.006666 73.552702 71.421285 75.272837 72.249567 50.249378 46.173586 76.922038 75.690158 62.369865 4.000000 59.841457 50.487622 
46 27.586228 84.723078 45.354162 93.214806 69.202601 19.313208 90.906545 62.393910 71.700767 31.575307 54.424259 73.925638 10.000000 14.317821 69.115845 14.142136 50.921508 52.801515 38.327536 79.605276 78.294317 23.021729 5.656854 66.189123 59.203040 24.020824 41.773197 53.141321 15.231546 58.523500 93.171884 36.055513 62.513998 38.078866 87.458562 80.131143 85.041167 63.285069 55.154329 81.565924 84.811556 51.546096 83.096330 52.201533 83.240615 0.000000 64.815122 39.293765 28.284271 80.622577 69.462220 55.542776 4.472136 81.055537 14.317821 14.035669 14.142136 91.983694 11.704700 58.940648 115.433964 88.769364 87.555697 24.515301 86.400231 62.289646 47.434165 
47 37.443290 22.203603 29.832868 84.023806 4.472136 49.193496 30.805844 18.384776 36.055513 45.891176 21.000000 13.341664 55.217751 52.478567 8.944272 55.470713 23.194827 18.248288 37.336309 20.396078 21.189620 54.708317 65.734314 38.078866 24.738634 52.497619 33.526109 22.022716 51.971146 23.537205 87.418534 40.853396 33.837849 34.014703 28.284271 19.026298 24.515301 36.055513 19.000000 22.090722 27.018512 24.083189 24.083189 22.090722 25.019992 64.815122 0.000000 32.695565 48.507731 19.000000 10.295630 27.166155 66.850580 23.000000 59.933296 58.137767 55.470713 86.023253 55.226805 25.709920 70.213959 86.284413 84.905830 48.703183 29.017236 35.735137 25.709920 
48 20.124612 48.104054 6.082763 97.637083 36.235342 32.015621 63.245553 23.853721 33.000000 38.275318 15.811388 37.483330 32.062439 32.140317 33.421550 36.221541 12.206556 15.620499 5.000000 42.011903 40.224371 41.109610 42.426407 28.442925 19.924859 39.560081 3.605551 14.422205 32.249031 19.313208 99.624294 8.246211 24.083189 1.414214 60.440053 43.185646 56.920998 25.317978 17.029386 54.120237 58.694122 12.529964 56.044625 13.601471 56.753854 39.293765 32.695565 0.000000 38.470768 43.863424 33.301652 16.278821 42.755117 54.571055 41.194660 39.204592 36.221541 98.229324 34.014703 19.646883 99.000000 96.829747 95.425364 35.846897 60.638272 24.331050 8.602325 
49 18.357560 70.611614 43.462628 66.760767 52.886671 10.440307 68.410526 54.230987 69.375788 3.605551 47.853944 60.671245 20.099751 15.132746 55.578773 14.142136 45.354162 44.407207 41.048752 67.475922 67.186308 7.071068 25.298221 66.128662 54.341513 5.000000 42.059482 47.074409 14.142136 53.150729 67.416615 41.231056 61.351447 38.078866 64.815122 66.910388 63.245553 62.968246 47.518417 59.640590 61.846584 46.572524 60.802960 46.097722 60.605280 28.284271 48.507731 38.470768 0.000000 67.082039 56.435804 52.201533 27.202941 58.600341 15.652476 14.866069 14.142136 66.128662 17.000000 54.571055 87.846457 63.560994 62.241465 4.123106 63.126856 62.032250 43.011626 
50 54.230987 4.242641 38.948684 99.644368 15.132746 66.730802 32.310989 20.808652 30.016662 64.629715 28.319605 6.708204 71.554175 69.462220 11.704700 72.801099 31.827661 28.425341 47.423623 4.123106 7.071068 73.006849 82.292162 35.227830 27.294688 70.830784 43.185646 29.732137 69.079664 26.925824 103.445638 50.990195 32.984845 45.276926 31.764760 1.000000 27.784888 34.713110 26.870058 27.802878 32.449961 31.890437 29.410882 30.413813 30.805844 80.622577 19.000000 43.863424 67.082039 0.000000 11.180340 31.384710 83.186537 29.832868 77.491935 75.610846 72.801099 102.083299 72.090221 28.178006 76.059187 102.859127 101.518471 66.940272 34.132096 34.928498 35.355339 
51 43.081318 15.264338 28.844410 94.201911 8.602325 55.659680 35.057096 12.165525 27.313001 54.147945 18.357560 4.472136 60.373835 58.309519 1.414214 61.684682 21.633308 17.691806 37.202150 11.045361 11.180340 62.169124 71.112587 30.594117 19.235384 60.016664 33.015148 19.723083 57.939624 18.439089 97.652445 40.804412 27.073973 34.713110 33.376639 10.770330 29.274562 29.154759 16.643317 27.892651 32.984845 21.954498 29.832868 20.248457 31.048349 69.462220 10.295630 33.301652 56.435804 11.180340 0.000000 22.803509 72.006944 29.410882 66.407831 64.513564 61.684682 96.260064 60.926185 20.223748 77.201036 96.566040 95.189285 56.089215 34.928498 29.068884 25.000000 
52 34.525353 35.510562 10.198039 104.890419 29.017236 47.265209 57.140179 10.770330 17.262677 51.264022 6.708204 26.000000 48.259714 48.000000 23.537205 52.009614 7.211103 10.816654 17.888544 28.600699 26.248809 55.901699 58.694122 14.422205 4.242641 54.129474 13.928388 6.403124 48.010416 4.472136 107.517440 21.095023 9.433981 17.464249 55.009090 30.528675 51.039201 11.401754 8.544004 49.010203 54.037024 5.830952 51.009803 7.071068 52.038447 55.542776 27.166155 16.278821 52.201533 31.384710 22.803509 0.000000 59.033889 50.089919 57.008771 55.009090 52.009614 106.103723 50.039984 3.605551 97.324200 105.380264 103.966341 50.219518 56.035703 10.630146 9.219544 
53 29.410882 87.235314 48.836462 90.669730 71.281134 19.416488 92.021737 65.459911 75.425460 30.675723 57.567352 76.478755 11.661904 14.866069 71.589105 13.416408 54.120237 55.713553 42.107007 82.346828 81.154174 21.213203 2.000000 70.064256 62.585941 22.561028 45.398238 56.320511 15.620499 61.846584 90.426766 40.000000 66.272166 41.593269 88.526832 82.734515 86.278618 67.119297 58.189346 82.758685 85.796270 54.817880 84.219950 55.362442 84.291162 4.472136 66.850580 42.755117 27.202941 83.186537 72.006944 59.033889 0.000000 82.134037 12.041595 12.369317 13.416408 89.269256 12.041595 62.369865 114.947814 85.906926 84.723078 23.769729 87.321246 66.121101 50.695167 
54 53.823787 29.732137 52.469038 72.090221 21.377558 62.936476 9.899495 40.607881 56.648036 55.217751 44.000000 29.068884 71.063352 67.268120 28.160256 69.296465 46.097722 41.109610 59.439044 33.600595 36.055513 65.604878 80.659779 59.908263 47.381431 63.411355 55.901699 45.011110 66.528190 46.270941 76.321688 62.817195 56.089215 55.785303 6.403124 30.610456 5.099020 58.249464 42.000000 2.236068 4.123106 47.042534 2.236068 45.044423 2.236068 81.055537 23.000000 54.571055 58.600341 29.832868 29.410882 50.089919 82.134037 0.000000 72.917762 71.449283 69.296465 75.026662 70.092796 48.373546 47.801674 76.537572 75.286121 60.307545 6.082763 58.051701 48.373546 
55 23.537205 81.344945 47.095647 78.917679 64.404969 10.770330 82.807005 61.660360 74.108029 19.235384 54.230987 70.837843 10.816654 9.055385 65.787537 5.000000 51.088159 51.623638 41.976184 77.201036 76.400262 9.219544 10.049876 69.584481 60.033324 10.770330 44.407207 53.150729 9.000000 59.076222 78.854296 40.804412 65.276336 40.311289 79.246451 77.162167 77.336925 66.483081 54.451814 73.756356 76.380626 52.038447 75.073298 52.153619 75.006666 14.317821 59.933296 41.194660 15.652476 77.491935 66.407831 57.008771 12.041595 72.917762 0.000000 2.000000 5.000000 77.665951 7.615773 60.008333 103.469802 74.464757 73.246160 12.806248 77.781746 65.490457 48.010416 
56 21.587033 79.479557 45.099889 79.246451 62.609903 8.944272 81.344945 59.682493 72.111026 18.384776 52.239832 68.949257 9.219544 7.071068 63.906181 3.000000 49.091751 49.648766 40.024992 75.286121 74.464757 9.000000 10.440307 67.601775 58.034473 10.198039 42.426407 51.156622 7.000000 57.078893 79.309520 38.897301 63.285069 38.327536 77.794601 75.272837 75.822160 64.498062 52.469038 72.249567 74.953319 50.039984 73.593478 50.159745 73.552702 14.035669 58.137767 39.204592 14.866069 75.610846 64.513564 55.009090 12.369317 71.449283 2.000000 0.000000 3.000000 78.102497 5.830952 58.008620 102.693719 75.000000 73.763134 11.661904 76.380626 63.505905 46.010868 
57 18.681542 76.694198 42.107007 79.831072 59.941638 6.403124 79.195959 56.718604 69.115845 17.464249 49.254441 66.128662 7.211103 4.123106 61.098281 0.000000 46.097722 46.690470 37.107951 72.422372 71.568149 9.486833 11.661904 64.629715 55.036352 10.049876 39.458839 48.166378 4.000000 54.083269 80.081209 36.055513 60.299254 35.355339 75.663730 72.449983 73.593478 61.522354 49.497475 70.035705 72.862885 47.042534 71.421285 47.169906 71.421285 14.142136 55.470713 36.221541 14.142136 72.801099 61.684682 52.009614 13.416408 69.296465 5.000000 3.000000 0.000000 78.847955 3.605551 55.009090 101.592323 75.894664 74.632433 10.440307 74.330344 60.530984 43.011626 
58 81.006173 103.310212 101.044545 4.472136 88.204308 76.550637 79.555012 102.068604 120.415946 64.078077 99.704564 98.478424 85.726309 80.956779 94.868330 78.847955 99.085821 95.462034 102.342562 104.957134 106.531685 69.375788 87.298339 120.208153 106.075445 68.963759 101.607086 99.724621 80.006250 104.661359 1.414214 103.773792 115.260574 98.473347 77.201036 102.576800 79.378838 117.388245 98.290386 77.252832 74.632433 100.498756 76.550637 99.035347 75.272837 91.983694 86.023253 98.229324 66.128662 102.083299 96.260064 106.103723 89.269256 75.026662 77.665951 78.102497 78.847955 0.000000 82.280010 106.775465 60.083276 5.000000 5.385165 70.228199 74.040529 116.691902 98.595132 
59 17.888544 76.059187 40.000000 83.198558 59.682493 7.615773 79.981248 55.317267 67.007462 20.099751 47.675990 65.391131 3.605551 2.828427 60.415230 3.605551 44.407207 45.354162 34.525353 71.512237 70.519501 13.000000 10.630146 62.289646 53.235327 13.341664 37.121422 46.529560 3.605551 52.345009 83.522452 33.241540 58.077534 33.060551 76.485293 71.693793 74.249579 59.211485 48.052055 70.724819 73.756356 45.276926 72.180330 45.541190 72.249567 11.704700 55.226805 34.014703 17.000000 72.090221 60.926185 50.039984 12.041595 70.092796 7.615773 5.830952 3.605551 82.280010 0.000000 53.150729 103.730420 79.378838 78.108898 13.038405 75.286121 58.215118 41.194660 
