#

param c:
    1  2  3  4  5  6  7  8  9 10 11 12 13 14 15 16 17 18 19 20 21 22 23 24 25 26 27 28 29 30 31 32 33 34 35 36 37 38 39 40 41 42 43 44 45 46 47 48 49 50 51 52 53 54 55 56 57 58 59 60 61 62 63 :=
 1 0.000000 71.168813 79.246451 50.358713 55.000000 13.928388 89.805345 82.024387 63.639610 52.354560 63.071388 100.647901 103.855669 15.620499 97.416631 47.423623 49.040799 103.585713 62.649820 79.906195 76.236474 80.659779 66.483081 93.520051 104.100913 82.807005 86.977008 93.300589 9.848858 13.601471 58.549125 47.010637 13.601471 84.148678 71.449283 87.000000 79.404030 55.713553 90.354856 74.249579 49.819675 94.810337 69.526973 104.100913 44.922155 74.431176 61.073726 49.244289 12.206556 56.000000 66.640828 81.320354 79.195959 90.785461 99.639350 17.691806 57.008771 91.301698 98.812955 59.135438 11.661904 72.006944 78.517514 
 2 71.168813 0.000000 78.517514 103.947102 103.585713 80.950602 88.090862 30.016662 104.560987 81.633327 51.971146 74.330344 90.094395 86.005814 81.884064 81.841310 107.712581 80.081209 10.198039 81.743501 20.124612 79.404030 72.532751 65.520989 81.043198 85.708809 86.209048 22.360680 80.993827 84.758480 101.019800 98.310732 84.308956 83.294658 78.102497 87.281155 20.000000 46.486557 67.268120 77.278716 105.380264 82.389320 70.405966 81.043198 104.350371 17.464249 106.400188 79.611557 83.006024 104.350371 8.602325 81.498466 80.752709 66.490601 86.700634 87.726849 104.484449 69.231496 83.024093 104.201727 80.529498 68.731361 78.638413 
 3 79.246451 78.517514 0.000000 64.124878 58.008620 75.166482 11.180340 57.271284 49.819675 33.955854 27.018512 31.780497 25.495098 82.680106 21.213203 39.560081 72.339477 31.016125 80.006250 3.605551 62.641839 1.414214 12.806248 30.886890 31.000000 7.280110 8.544004 87.664132 83.600239 86.838931 50.159745 59.413803 82.927679 5.385165 9.219544 9.219544 65.459911 34.525353 25.059928 5.385165 67.186308 17.464249 10.295630 31.000000 71.847060 64.031242 55.443665 35.735137 82.661962 58.034473 83.024093 3.000000 2.828427 26.419690 21.540659 82.492424 57.078893 24.166092 22.360680 54.230987 77.665951 10.049876 1.000000 
 4 50.358713 103.947102 64.124878 0.000000 7.810250 37.013511 70.405966 100.239713 19.849433 31.256999 67.067131 95.047357 88.283634 40.447497 85.287748 26.925824 8.544004 95.047357 98.716767 62.393910 99.297533 65.192024 54.147945 91.662424 95.084173 62.968246 68.066144 122.918672 46.097722 46.529560 16.124515 5.830952 42.296572 66.610810 55.036352 67.268120 102.902867 65.299311 86.371292 59.033889 3.162278 81.394103 59.211485 95.084173 9.899495 98.812955 14.212670 30.805844 43.185646 8.485281 102.941731 64.381674 62.289646 87.464278 84.852814 38.639358 9.899495 86.209048 86.371292 13.453624 40.000000 63.285069 63.126856 
 5 55.000000 103.585713 58.008620 7.810250 0.000000 42.296572 63.639610 97.637083 12.041595 26.570661 63.505905 89.358827 81.614950 46.572524 79.025312 23.323808 16.124515 89.022469 99.045444 56.035703 97.452553 59.000000 48.836462 86.492774 89.005618 56.320511 61.400326 121.696343 51.788030 52.630789 8.544004 8.062258 48.270074 60.133186 49.091751 60.530984 101.044545 62.681736 81.049368 53.084838 10.816654 75.059976 53.935146 89.005618 17.691806 97.185390 6.708204 26.832816 49.030603 1.000000 103.227903 58.034473 56.008928 82.200973 78.313473 44.922155 2.236068 80.752709 80.056230 5.656854 45.398238 58.051701 57.008771 
 6 13.928388 80.950602 75.166482 37.013511 42.296572 0.000000 85.000000 87.692645 51.923020 44.598206 63.560994 99.959992 100.498756 7.615773 94.826157 39.051248 35.171011 102.156742 73.246160 75.213031 83.198558 76.550637 62.433965 93.680307 102.552426 77.620873 82.200973 102.552426 9.848858 12.041595 46.840154 34.234486 7.810250 79.630396 66.610810 82.006097 86.585218 57.428216 89.810912 69.892775 36.221541 91.787799 66.241981 102.552426 31.048349 81.743501 48.662100 41.725292 7.810250 43.289722 77.388630 76.843998 74.632433 90.443352 96.384646 8.062258 44.407207 90.476516 96.176920 46.872167 3.162278 69.318107 74.330344 
 7 89.805345 88.090862 11.180340 70.405966 63.639610 85.000000 0.000000 64.845971 54.009258 42.047592 37.483330 31.064449 18.027756 92.417531 17.464249 47.853944 78.854296 28.231188 90.199778 9.899495 71.196910 9.848858 23.430749 33.301652 27.856777 7.615773 2.828427 95.603347 93.722996 96.829747 55.326305 66.219333 92.800862 5.830952 18.439089 3.162278 73.756356 45.354162 27.802878 15.620499 73.545904 13.416408 21.470911 27.856777 78.847955 72.835431 60.074953 44.294469 92.617493 63.505905 93.048375 8.602325 10.630146 29.206164 15.132746 92.086915 62.393910 26.248809 18.027756 59.211485 87.618491 20.880613 11.661904 
 8 82.024387 30.016662 57.271284 100.239713 97.637083 87.692645 64.845971 0.000000 95.131488 72.006944 35.355339 45.541190 63.007936 94.339811 55.081757 74.330344 106.023582 51.478151 37.536649 60.835845 10.000000 57.775427 55.605755 37.121422 52.469038 64.474801 63.568860 30.805844 91.021975 95.021050 92.800862 94.413982 93.193347 61.098281 59.908263 64.845971 10.440307 34.985711 40.049969 57.801384 102.420701 56.435804 51.865210 52.469038 103.469802 12.806248 98.600203 71.028163 92.135769 98.183502 38.013156 60.008333 59.933296 39.012818 60.133186 95.524866 97.908120 42.047592 56.035703 96.607453 88.362888 48.877398 57.697487 
 9 63.639610 104.560987 49.819675 19.849433 12.041595 51.923020 54.009258 95.131488 0.000000 23.345235 60.000000 81.584312 72.027772 57.008771 70.256672 22.825424 28.017851 80.622577 101.118742 47.381431 96.176920 50.635956 42.544095 79.699435 80.504658 47.042534 52.009614 121.165177 61.684682 62.968246 5.099020 18.867962 58.523500 51.156622 41.484937 51.000000 99.704564 60.811183 74.040529 45.354162 22.803509 66.189123 47.539457 80.504658 29.732137 96.260064 6.324555 25.000000 59.135438 11.401754 105.190304 49.365980 47.518417 75.286121 69.007246 55.542776 10.000000 73.498299 71.175839 6.403124 55.081757 51.623638 48.836462 
10 52.354560 81.633327 33.955854 31.256999 26.570661 44.598206 42.047592 72.006944 23.345235 0.000000 37.215588 64.007812 59.135438 51.623638 55.108983 5.830952 39.012818 64.381674 78.790862 32.893768 72.835431 35.171011 23.000000 60.406953 64.498062 34.438351 39.395431 97.836598 54.037024 56.639209 20.808652 26.019224 52.345009 37.336309 24.738634 38.910153 76.367532 37.483330 55.145263 28.635642 34.132096 51.419841 28.017851 64.498062 38.118237 72.917762 26.627054 3.162278 52.402290 26.925824 82.764727 34.785054 32.572995 56.222771 55.362442 50.990195 26.400758 55.036352 56.293872 24.698178 47.507894 32.062439 32.984845 
11 63.071388 51.971146 27.018512 67.067131 63.505905 63.560994 37.483330 35.355339 60.000000 37.215588 0.000000 37.735925 44.944410 71.063352 37.202150 40.311289 73.763134 41.231056 53.000000 30.016662 38.078866 28.071338 21.023796 30.463092 41.868843 34.014703 35.227830 63.631753 69.892775 73.681748 57.982756 61.351447 70.604532 32.140317 26.248809 36.124784 41.340053 8.602325 27.459060 25.317978 69.570109 35.846897 18.439089 41.868843 71.805292 38.910153 63.812225 36.674242 69.921384 63.953108 56.080300 30.016662 29.017236 27.784888 40.816663 71.589105 63.529521 28.600699 38.600518 61.911227 65.253352 17.000000 27.000000 
12 100.647901 74.330344 31.780497 95.047357 89.358827 99.959992 31.064449 45.541190 81.584312 64.007812 37.735925 0.000000 19.697716 107.563934 14.142136 69.115845 103.000000 6.000000 79.705709 34.481879 54.571055 31.048349 41.012193 8.944272 7.000000 35.846897 31.764760 75.000000 107.018690 110.693270 81.743501 90.000000 107.335921 31.384710 40.311289 33.120990 55.901699 45.803930 10.295630 36.345564 98.020406 17.804494 36.055513 7.000000 102.078401 57.008771 87.132084 65.122961 106.775465 89.453899 81.344945 32.572995 34.205263 10.000000 18.601075 107.837841 88.566359 9.486833 14.212670 85.842880 101.950969 32.140317 32.756679 
13 103.855669 90.094395 25.495098 88.283634 81.614950 100.498756 18.027756 63.007936 72.027772 59.135438 44.944410 19.697716 0.000000 108.046286 8.246211 64.845971 96.690227 14.422205 94.111636 26.248809 71.175839 24.166092 38.078866 26.305893 13.601471 25.317978 20.223748 93.343452 108.724422 112.058021 73.334848 83.952367 108.226614 21.840330 34.539832 21.095023 73.027392 53.535035 23.021729 30.870698 91.411159 9.219544 34.409301 13.601471 96.540147 73.334848 78.102497 61.098281 107.912001 81.498466 96.317184 24.351591 26.570661 24.000000 4.242641 107.912001 80.399005 21.023796 7.071068 77.233412 102.927159 31.890437 26.400758 
14 15.620499 86.005814 82.680106 40.447497 46.572524 7.615773 92.417531 94.339811 57.008771 51.623638 71.063352 107.563934 108.046286 0.000000 102.420701 45.967380 37.054015 109.772492 77.826731 82.661962 89.442719 84.059503 69.971423 101.242284 110.168053 85.000000 89.627005 107.912001 6.708204 6.082763 52.000000 38.600518 2.236068 87.091905 74.060786 89.403579 92.763139 64.776539 97.406365 77.388630 39.115214 99.362971 73.824115 110.168053 33.015148 87.863531 53.160135 48.836462 3.605551 47.539457 81.884064 84.314886 82.097503 98.030607 103.942292 2.236068 48.764741 98.081599 103.768974 51.546096 6.000000 76.922038 81.835200 
15 97.416631 81.884064 21.213203 85.287748 79.025312 94.826157 17.464249 55.081757 70.256672 55.108983 37.202150 14.142136 8.246211 102.420701 0.000000 60.638272 93.536089 10.770330 85.866175 23.000000 63.071388 20.099751 32.893768 18.973666 10.440307 23.345235 18.681542 85.586214 102.727796 106.174385 71.007042 80.622577 102.474387 19.104973 30.413813 19.924859 65.000000 45.803930 15.033296 26.476405 88.362888 4.123106 28.635642 10.440307 93.059121 65.192024 76.105190 56.753854 102.083299 79.006329 88.073833 21.000000 23.021729 16.124515 5.099020 102.415819 78.000000 13.038405 1.414214 75.026662 97.128780 25.553865 22.203603 
16 47.423623 81.841310 39.560081 26.925824 23.323808 39.051248 47.853944 74.330344 22.825424 5.830952 40.311289 69.115845 64.845971 45.967380 60.638272 0.000000 34.234486 69.720872 78.294317 38.626416 74.411021 40.804412 28.160256 65.122961 69.871310 40.249224 45.188494 99.005050 48.600412 51.088159 19.209373 21.377558 46.754679 43.081318 30.364453 44.721360 77.987178 39.408121 60.008333 34.205263 29.614186 57.008771 33.060551 69.871310 33.000000 74.276510 24.758837 4.000000 46.861498 23.853721 82.365041 40.496913 38.275318 61.032778 61.032778 45.276926 23.600847 60.008333 61.846584 22.627417 42.011903 37.013511 38.600518 
17 49.040799 107.712581 72.339477 8.544004 16.124515 35.171011 78.854296 106.023582 28.017851 39.012818 73.763134 103.000000 96.690227 37.054015 93.536089 34.234486 0.000000 103.174609 101.833197 70.710678 104.446158 73.437048 62.008064 99.322706 103.237590 71.386273 76.485293 127.412715 43.289722 43.011626 24.596748 13.000000 39.115214 74.966659 63.198101 75.709973 108.046286 71.309186 94.132885 67.186308 5.385165 89.677199 67.029844 103.237590 4.123106 103.773792 22.022716 38.209946 40.199502 16.643317 106.075445 72.691127 70.576200 95.189285 93.214806 35.014283 18.027756 94.047860 94.641429 21.633308 37.854986 71.063352 71.344236 
18 103.585713 80.081209 31.016125 95.047357 89.022469 102.156742 28.231188 51.478151 80.622577 64.381674 41.231056 6.000000 14.422205 109.772492 10.770330 69.720872 103.174609 0.000000 85.234969 33.241540 60.415230 30.066593 41.593269 14.560220 1.000000 33.955854 29.410882 81.000000 109.567331 113.159180 81.154174 90.199778 109.658561 29.614186 40.012498 30.675723 61.814238 49.578221 14.212670 36.013886 98.081599 14.866069 36.878178 1.000000 102.489024 62.817195 86.371292 65.764732 109.165013 89.050547 86.977008 31.256999 33.136083 14.422205 14.212670 109.931797 88.090862 12.727922 10.295630 85.211502 104.278473 33.241540 32.015621 
19 62.649820 10.198039 80.006250 98.716767 99.045444 73.246160 90.199778 37.536649 101.118742 78.790862 53.000000 79.705709 94.111636 77.826731 85.866175 78.294317 101.833197 85.234969 0.000000 83.006024 27.586228 81.024688 72.560320 70.774289 86.162637 87.005747 88.090862 32.062439 72.498276 76.157731 97.247108 93.236259 76.026311 85.052925 78.409183 89.050547 28.425341 46.270941 71.784399 78.102497 99.904955 85.906926 71.112587 86.162637 98.290386 24.758837 102.396289 76.485293 74.686009 99.864909 4.242641 83.006024 82.006097 71.168813 90.470990 79.649231 100.124922 73.681748 87.091905 100.169856 72.560320 70.000000 80.000000 
20 79.906195 81.743501 3.605551 62.393910 56.035703 75.213031 9.899495 60.835845 47.381431 32.893768 30.016662 34.481879 26.248809 82.661962 23.000000 38.626416 70.710678 33.241540 83.006024 0.000000 66.098411 3.605551 13.601471 34.132096 33.136083 4.000000 7.071068 91.181138 83.868945 87.005747 48.010416 57.870545 83.006024 4.472136 8.602325 7.211103 68.949257 37.215588 28.301943 5.830952 65.490457 19.026298 12.369317 33.136083 70.405966 67.446275 53.150729 34.928498 82.800966 56.008928 86.092973 2.000000 1.000000 29.681644 22.561028 82.377181 55.000000 27.294688 24.020824 52.038447 77.801028 13.038405 3.162278 
21 76.236474 20.124612 62.641839 99.297533 97.452553 83.198558 71.196910 10.000000 96.176920 72.835431 38.078866 54.571055 71.175839 89.442719 63.071388 74.411021 104.446158 60.415230 27.586228 66.098411 0.000000 63.324561 59.059292 45.891176 61.392182 69.921384 69.634761 25.553865 85.586214 89.560036 93.380940 93.477270 88.119237 66.940272 63.976558 70.830784 3.605551 35.383612 48.166378 62.393910 101.242284 64.007812 55.946403 61.392182 101.597244 2.828427 99.085821 71.449283 86.977008 98.081599 28.017851 65.520989 65.145990 47.265209 68.029405 90.801982 97.948966 50.159745 64.124878 97.000000 83.546394 53.488316 62.936476 
22 80.659779 79.404030 1.414214 65.192024 59.000000 76.550637 9.848858 57.775427 50.635956 35.171011 28.071338 31.048349 24.166092 84.059503 20.099751 40.804412 73.437048 30.066593 81.024688 3.605551 63.324561 0.000000 14.212670 30.528675 30.016662 6.708204 7.280110 88.255311 85.000000 88.232647 51.088159 60.530984 84.314886 4.123106 10.440307 8.062258 66.098411 35.693137 24.698178 6.708204 68.264193 16.278821 11.661904 30.016662 72.993150 64.761099 56.320511 37.000000 84.053554 59.008474 84.005952 2.236068 3.162278 26.076810 20.248457 83.862983 58.034473 23.706539 21.213203 55.145263 79.056942 11.180340 2.236068 
23 66.483081 72.532751 12.806248 54.147945 48.836462 62.433965 23.430749 55.605755 42.544095 23.000000 21.023796 41.012193 38.078866 69.971423 32.893768 28.160256 62.008064 41.593269 72.560320 13.601471 59.059292 14.212670 0.000000 37.656341 41.773197 17.000000 20.615528 84.599054 70.802542 74.060786 41.761226 49.010203 70.178344 17.691806 6.082763 20.808652 62.265560 26.305893 32.249031 7.810250 57.078893 29.546573 5.099020 41.773197 61.073726 59.933296 47.434165 24.186773 69.892775 49.030603 75.953933 14.866069 12.806248 33.376639 34.000000 69.835521 48.270074 32.062439 34.176015 45.880279 64.899923 9.219544 12.041595 
24 93.520051 65.520989 30.886890 91.662424 86.492774 93.680307 33.301652 37.121422 79.699435 60.406953 30.463092 8.944272 26.305893 101.242284 18.973666 65.122961 99.322706 14.560220 70.774289 34.132096 45.891176 30.528675 37.656341 0.000000 15.524175 36.400549 33.241540 67.119297 100.304536 104.062481 79.309520 86.371292 100.881118 32.015621 38.275318 34.655447 47.381431 38.078866 5.830952 34.539832 94.530418 21.470911 32.557641 15.524175 98.081599 48.270074 84.899941 61.131007 100.244701 86.683332 72.449983 32.449961 33.615473 4.472136 24.041631 101.651365 85.906926 7.071068 19.646883 83.432608 95.509162 28.442925 31.764760 
25 104.100913 81.043198 31.000000 95.084173 89.005618 102.552426 27.856777 52.469038 80.504658 64.498062 41.868843 7.000000 13.601471 110.168053 10.440307 69.871310 103.237590 1.000000 86.162637 33.136083 61.392182 30.016662 41.773197 15.524175 0.000000 33.734256 29.120440 82.000000 110.018180 113.595775 81.098705 90.271812 110.072703 29.427878 40.049969 30.364453 62.801274 50.249378 15.000000 36.055513 98.127468 14.560220 37.107951 0.000000 102.591423 63.788714 86.284413 65.924199 109.590146 89.022469 87.920419 31.144823 33.060551 15.264338 13.601471 110.308658 88.051122 13.453624 9.848858 85.146932 104.694795 33.526109 32.000000 
26 82.807005 85.708809 7.280110 62.968246 56.320511 77.620873 7.615773 64.474801 47.042534 34.438351 34.014703 35.846897 25.317978 85.000000 23.345235 40.249224 71.386273 33.955854 87.005747 4.000000 69.921384 6.708204 17.000000 36.400549 33.734256 0.000000 5.099020 94.921020 86.452299 89.498603 48.093659 58.694122 85.428333 4.472136 11.401754 4.472136 72.732386 41.194660 30.610456 9.486833 66.098411 19.235384 16.278821 33.734256 71.309186 71.309186 53.000000 36.715120 85.276022 56.222771 90.088845 4.472136 5.000000 32.015621 22.022716 84.628600 55.145263 29.410882 24.186773 52.038447 80.280757 17.029386 7.071068 
27 86.977008 86.209048 8.544004 68.066144 61.400326 82.200973 2.828427 63.568860 52.009614 39.395431 35.227830 31.764760 20.223748 89.627005 18.681542 45.188494 76.485293 29.410882 88.090862 7.071068 69.634761 7.280110 20.615528 33.241540 29.120440 5.099020 0.000000 94.254973 90.906545 94.021274 53.150729 63.788714 90.000000 3.162278 15.620499 1.414214 72.277244 42.953463 27.586228 12.806248 71.196910 14.560220 18.788294 29.120440 76.400262 71.196910 58.008620 41.593269 89.810912 61.294372 91.005494 5.830952 7.810250 29.000000 17.000000 89.308454 60.207973 26.172505 19.416488 57.078893 84.811556 18.439089 8.944272 
28 93.300589 22.360680 87.664132 122.918672 121.696343 102.552426 95.603347 30.805844 121.165177 97.836598 63.631753 75.000000 93.343452 107.912001 85.586214 99.005050 127.412715 81.000000 32.062439 91.181138 25.553865 88.255311 84.599054 67.119297 82.000000 94.921020 94.254973 0.000000 103.092192 106.901824 118.139748 117.153745 106.282642 91.706052 89.442719 95.509162 22.360680 60.605280 70.576200 87.726849 124.631457 87.132084 81.394103 82.000000 124.277914 25.000000 123.761868 96.260064 105.004762 122.380554 29.017236 90.476516 90.249654 69.462220 90.669730 109.562767 122.347865 72.560320 86.469648 121.630588 102.318131 78.790862 88.022724 
29 9.848858 80.993827 83.600239 46.097722 51.788030 9.848858 93.722996 91.021975 61.684682 54.037024 69.892775 107.018690 108.724422 6.708204 102.727796 48.600412 43.289722 109.567331 72.498276 83.868945 85.586214 85.000000 70.802542 100.304536 110.018180 86.452299 90.906545 103.092192 0.000000 4.000000 56.612719 43.737855 4.472136 88.238314 75.286121 90.785461 88.814413 63.063460 96.772930 78.409183 45.000000 99.859902 74.330344 110.018180 39.204592 83.862983 58.249464 51.088159 3.162278 52.773099 76.485293 85.428333 83.240615 97.308787 104.560987 8.944272 53.935146 97.575612 104.100913 56.515485 6.708204 77.175126 82.800966 
30 13.601471 84.758480 86.838931 46.529560 52.630789 12.041595 96.829747 95.021050 62.968246 56.639209 73.681748 110.693270 112.058021 6.082763 106.174385 51.088159 43.011626 113.159180 76.157731 87.005747 89.560036 88.232647 74.060786 104.062481 113.595775 89.498603 94.021274 106.901824 4.000000 0.000000 57.939624 44.643029 4.472136 91.400219 78.409183 93.861600 92.779308 66.940272 100.463924 81.608823 45.177428 103.247276 77.698134 113.595775 39.000000 87.823687 59.203040 53.758720 4.242641 53.600373 80.112421 88.600226 86.400231 101.019800 107.912001 8.000000 54.817880 101.237345 107.540690 57.567352 9.219544 80.622577 86.023253 
31 58.549125 101.019800 50.159745 16.124515 8.544004 46.840154 55.326305 92.800862 5.099020 20.808652 57.982756 81.743501 73.334848 52.000000 71.007042 19.209373 24.596748 81.154174 97.247108 48.010416 93.380940 51.088159 41.761226 79.309520 81.098705 48.093659 53.150729 118.139748 56.612719 57.939624 0.000000 14.212670 53.488316 52.009614 41.436699 52.239832 96.938125 58.137767 73.756356 45.398238 19.235384 67.000000 46.840154 81.098705 25.806976 93.338095 5.830952 21.931712 54.083269 8.246211 101.355809 50.009999 48.041649 74.953319 70.114193 50.566788 7.071068 73.348483 72.000000 4.123106 50.000000 50.960769 49.162994 
32 47.010637 98.310732 59.413803 5.830952 8.062258 34.234486 66.219333 94.413982 18.867962 26.019224 61.351447 90.000000 83.952367 38.600518 80.622577 21.377558 13.000000 90.199778 93.236259 57.870545 93.477270 60.530984 49.010203 86.371292 90.271812 58.694122 63.788714 117.153745 43.737855 44.643029 14.212670 0.000000 40.261644 62.169124 50.249378 63.063460 97.082439 59.481089 81.154174 54.230987 8.246211 76.791927 54.037024 90.271812 12.649111 93.005376 14.560220 25.317978 41.000000 9.055385 97.452553 59.841457 57.706152 82.219219 80.411442 37.000000 10.198039 81.055537 81.743501 13.000000 37.336309 58.077534 58.420887 
33 13.601471 84.308956 82.927679 42.296572 48.270074 7.810250 92.800862 93.193347 58.523500 52.345009 70.604532 107.335921 108.226614 2.236068 102.474387 46.754679 39.115214 109.658561 76.026311 83.006024 88.119237 84.314886 70.178344 100.881118 110.072703 85.428333 90.000000 106.282642 4.472136 4.472136 53.488316 40.261644 0.000000 87.418534 74.404301 89.810912 91.411159 64.132675 97.144223 77.665951 41.048752 99.478641 73.925638 110.072703 35.057096 86.492774 54.817880 49.497475 1.414214 49.244289 80.062476 84.628600 82.419658 97.739450 104.100913 4.472136 50.447993 97.862148 103.831594 53.160135 5.385165 76.941536 82.097503 
34 84.148678 83.294658 5.385165 66.610810 60.133186 79.630396 5.830952 61.098281 51.156622 37.336309 32.140317 31.384710 21.840330 87.091905 19.104973 43.081318 74.966659 29.614186 85.052925 4.472136 66.940272 4.123106 17.691806 32.015621 29.427878 4.472136 3.162278 91.706052 88.238314 91.400219 52.009614 62.169124 87.418534 0.000000 13.038405 4.000000 69.641941 39.812058 26.248809 9.899495 69.720872 15.033296 15.652476 29.427878 74.732858 68.447060 57.035077 39.395431 87.200917 60.074953 88.000000 2.828427 5.000000 27.658633 18.248288 86.821656 59.033889 25.000000 20.024984 56.000000 82.200973 15.297059 5.830952 
35 71.449283 78.102497 9.219544 55.036352 49.091751 66.610810 18.439089 59.908263 41.484937 24.738634 26.248809 40.311289 34.539832 74.060786 30.413813 30.364453 63.198101 40.012498 78.409183 8.602325 63.976558 10.440307 6.082763 38.275318 40.049969 11.401754 15.620499 89.442719 75.286121 78.409183 41.436699 50.249378 74.404301 13.038405 0.000000 15.556349 67.082039 32.140317 32.572995 4.000000 58.077534 26.683328 8.062258 40.049969 62.649820 65.000000 46.872167 26.570661 74.202426 49.162994 81.743501 10.295630 8.062258 33.837849 30.675723 73.783467 48.259714 32.015621 31.575307 45.541190 69.202601 11.313708 8.246211 
36 87.000000 87.281155 9.219544 67.268120 60.530984 82.006097 3.162278 64.845971 51.000000 38.910153 36.124784 33.120990 21.095023 89.403579 19.924859 44.721360 75.709973 30.675723 89.050547 7.211103 70.830784 8.062258 20.808652 34.655447 30.364453 4.472136 1.414214 95.509162 90.785461 93.861600 52.239832 63.063460 89.810912 4.000000 15.556349 0.000000 73.498299 43.737855 29.000000 13.038405 70.405966 15.811388 19.313208 30.364453 75.690158 72.367120 57.035077 41.182521 89.643739 60.406953 92.000000 6.324555 8.062258 30.413813 18.027756 89.050547 59.304300 27.586228 20.615528 56.142675 84.646323 19.235384 9.486833 
37 79.404030 20.000000 65.459911 102.902867 101.044545 86.585218 73.756356 10.440307 99.704564 76.367532 41.340053 55.901699 73.027392 92.763139 65.000000 77.987178 108.046286 61.814238 28.425341 68.949257 3.605551 66.098411 62.265560 47.381431 62.801274 72.732386 72.277244 22.360680 88.814413 92.779308 96.938125 97.082439 91.411159 69.641941 67.082039 73.498299 0.000000 38.897301 50.009999 65.391131 104.847508 66.121101 59.033889 62.801274 105.190304 5.000000 102.649890 75.006666 90.255194 101.671038 28.319605 68.308125 68.007353 49.040799 70.007142 94.148818 101.533246 52.009614 66.007575 100.568385 86.884981 56.462377 65.787537 
38 55.713553 46.486557 34.525353 65.299311 62.681736 57.428216 45.354162 34.985711 60.811183 37.483330 8.602325 45.803930 53.535035 64.776539 45.803930 39.408121 71.309186 49.578221 46.270941 37.215588 35.383612 35.693137 26.305893 38.078866 50.249378 41.194660 42.953463 60.605280 63.063460 66.940272 58.137767 59.481089 64.132675 39.812058 32.140317 43.737855 38.897301 0.000000 35.608988 32.015621 67.542579 44.418465 25.019992 50.249378 68.949257 35.608988 63.890531 36.235342 63.348244 63.245553 49.648766 37.483330 36.221541 35.805028 49.396356 65.490457 63.007936 36.878178 47.201695 61.846584 58.855756 24.515301 34.365681 
39 90.354856 67.268120 25.059928 86.371292 81.049368 89.810912 27.802878 40.049969 74.040529 55.145263 27.459060 10.295630 23.021729 97.406365 15.033296 60.008333 94.132885 14.212670 71.784399 28.301943 48.166378 24.698178 32.249031 5.830952 15.000000 30.610456 27.586228 70.576200 96.772930 100.463924 73.756356 81.154174 97.144223 26.248809 32.572995 29.000000 50.009999 35.608988 0.000000 28.792360 89.274856 16.763055 27.166155 15.000000 93.005376 50.358713 79.309520 56.008928 96.566040 81.215762 73.763134 26.627054 27.784888 1.414214 20.099751 97.718985 80.411442 2.000000 16.000000 77.878110 91.760558 23.086793 25.942244 
40 74.249579 77.278716 5.385165 59.033889 53.084838 69.892775 15.620499 57.801384 45.354162 28.635642 25.317978 36.345564 30.870698 77.388630 26.476405 34.205263 67.186308 36.013886 78.102497 5.830952 62.393910 6.708204 7.810250 34.539832 36.055513 9.486833 12.806248 87.726849 78.409183 81.608823 45.398238 54.230987 77.665951 9.899495 4.000000 13.038405 65.391131 32.015621 28.792360 0.000000 62.072538 22.803509 7.000000 36.055513 66.610810 63.568860 50.803543 30.364453 77.420927 53.150729 81.301906 7.071068 5.000000 30.083218 26.925824 77.175126 52.239832 28.160256 27.658633 49.497475 72.422372 8.944272 4.472136 
41 49.819675 105.380264 67.186308 3.162278 10.816654 36.221541 73.545904 102.420701 22.803509 34.132096 69.570109 98.020406 91.411159 39.115214 88.362888 29.614186 5.385165 98.081599 99.904955 65.490457 101.242284 68.264193 57.078893 94.530418 98.127468 66.098411 71.196910 124.631457 45.000000 45.177428 19.235384 8.246211 41.048752 69.720872 58.077534 70.405966 104.847508 67.542579 89.274856 62.072538 0.000000 84.480767 62.128898 98.127468 7.211103 100.687636 16.970563 33.541020 42.011903 11.401754 104.139330 67.475922 65.375837 90.354856 87.965902 37.215588 12.806248 89.140339 89.453899 16.401219 39.115214 66.189123 66.189123 
42 94.810337 82.389320 17.464249 81.394103 75.059976 91.787799 13.416408 56.435804 66.189123 51.419841 35.846897 17.804494 9.219544 99.362971 4.123106 57.008771 89.677199 14.866069 85.906926 19.026298 64.007812 16.278821 29.546573 21.470911 14.560220 19.235384 14.560220 87.132084 99.859902 103.247276 67.000000 76.791927 99.478641 15.033296 26.683328 15.811388 66.121101 44.418465 16.763055 22.803509 84.480767 0.000000 25.553865 14.560220 89.269256 66.007575 72.062473 53.160135 99.126182 75.026662 88.283634 17.029386 19.104973 18.027756 5.000000 99.297533 74.006756 14.866069 5.000000 71.007042 94.154129 22.803509 18.439089 
43 69.526973 70.405966 10.295630 59.211485 53.935146 66.241981 21.470911 51.865210 47.539457 28.017851 18.439089 36.055513 34.409301 73.824115 28.635642 33.060551 67.029844 36.878178 71.112587 12.369317 55.946403 11.661904 5.099020 32.557641 37.107951 16.278821 18.788294 81.394103 74.330344 77.698134 46.840154 54.037024 73.925638 15.652476 8.062258 19.313208 59.033889 25.019992 27.166155 7.000000 62.128898 25.553865 0.000000 37.107951 66.030296 57.008771 52.497619 29.068884 73.573093 54.129474 74.330344 13.000000 11.401754 28.284271 30.232433 73.790243 53.366656 27.018512 29.966648 50.960769 68.600292 4.123106 9.848858 
44 104.100913 81.043198 31.000000 95.084173 89.005618 102.552426 27.856777 52.469038 80.504658 64.498062 41.868843 7.000000 13.601471 110.168053 10.440307 69.871310 103.237590 1.000000 86.162637 33.136083 61.392182 30.016662 41.773197 15.524175 0.000000 33.734256 29.120440 82.000000 110.018180 113.595775 81.098705 90.271812 110.072703 29.427878 40.049969 30.364453 62.801274 50.249378 15.000000 36.055513 98.127468 14.560220 37.107951 0.000000 102.591423 63.788714 86.284413 65.924199 109.590146 89.022469 87.920419 31.144823 33.060551 15.264338 13.601471 110.308658 88.051122 13.453624 9.848858 85.146932 104.694795 33.526109 32.000000 
45 44.922155 104.350371 71.847060 9.899495 17.691806 31.048349 78.847955 103.469802 29.732137 38.118237 71.805292 102.078401 96.540147 33.015148 93.059121 33.000000 4.123106 102.489024 98.290386 70.405966 101.597244 72.993150 61.073726 98.081599 102.591423 71.309186 76.400262 124.277914 39.204592 39.000000 25.806976 12.649111 35.057096 74.732858 62.649820 75.690158 105.190304 68.949257 93.005376 66.610810 7.211103 89.269256 66.030296 102.591423 0.000000 100.846418 24.083189 37.000000 36.124784 18.384776 102.532922 72.367120 70.213959 94.021274 92.962358 31.000000 19.798990 93.005376 94.201911 23.345235 33.734256 70.007142 70.859015 
46 74.431176 17.464249 64.031242 98.812955 97.185390 81.743501 72.835431 12.806248 96.260064 72.917762 38.910153 57.008771 73.334848 87.863531 65.192024 74.276510 103.773792 62.817195 24.758837 67.446275 2.828427 64.761099 59.933296 48.270074 63.788714 71.309186 71.196910 25.000000 83.862983 87.823687 93.338095 93.005376 86.492774 68.447060 65.000000 72.367120 5.000000 35.608988 50.358713 63.568860 100.687636 66.007575 57.008771 63.788714 100.846418 0.000000 99.005050 71.421285 85.328776 97.836598 25.238859 66.940272 66.483081 49.497475 70.114193 89.269256 97.744565 52.345009 66.272166 96.896852 82.000000 54.708317 64.288413 
47 61.073726 106.400188 55.443665 14.212670 6.708204 48.662100 60.074953 98.600203 6.324555 26.627054 63.812225 87.132084 78.102497 53.160135 76.105190 24.758837 22.022716 86.371292 102.396289 53.150729 99.085821 56.320511 47.434165 84.899941 86.284413 53.000000 58.008620 123.761868 58.249464 59.203040 5.830952 14.560220 54.817880 57.035077 46.872167 57.035077 102.649890 63.890531 79.309520 50.803543 16.970563 72.062473 52.497619 86.284413 24.083189 99.005050 0.000000 27.658633 55.542776 5.830952 106.531685 55.145263 53.235327 80.523289 75.006666 51.546096 4.472136 78.854296 77.058419 2.236068 51.788030 56.612719 54.451814 
48 49.244289 79.611557 35.735137 30.805844 26.832816 41.725292 44.294469 71.028163 25.000000 3.162278 36.674242 65.122961 61.098281 48.836462 56.753854 4.000000 38.209946 65.764732 76.485293 34.928498 71.449283 37.000000 24.186773 61.131007 65.924199 36.715120 41.593269 96.260064 51.088159 53.758720 21.931712 25.317978 49.497475 39.395431 26.570661 41.182521 75.006666 36.235342 56.008928 30.364453 33.541020 53.160135 29.068884 65.924199 37.000000 71.421285 27.658633 0.000000 49.517674 27.294688 80.498447 36.769553 34.539832 57.035077 57.245087 48.270074 26.925824 56.008928 57.974132 25.612497 44.598206 33.015148 34.785054 
49 12.206556 83.006024 82.661962 43.185646 49.030603 7.810250 92.617493 92.135769 59.135438 52.402290 69.921384 106.775465 107.912001 3.605551 102.083299 46.861498 40.199502 109.165013 74.686009 82.800966 86.977008 84.053554 69.892775 100.244701 109.590146 85.276022 89.810912 105.004762 3.162278 4.242641 54.083269 41.000000 1.414214 87.200917 74.202426 89.643739 90.255194 63.348244 96.566040 77.420927 42.011903 99.126182 73.573093 109.590146 36.124784 85.328776 55.542776 49.517674 0.000000 50.009999 78.714675 84.403791 82.200973 97.144223 103.773792 5.830952 51.195703 97.308787 103.445638 53.851648 5.000000 76.537572 81.841310 
50 56.000000 104.350371 58.034473 8.485281 1.000000 43.289722 63.505905 98.183502 11.401754 26.925824 63.953108 89.453899 81.498466 47.539457 79.006329 23.853721 16.643317 89.050547 99.864909 56.008928 98.081599 59.008474 49.030603 86.683332 89.022469 56.222771 61.294372 122.380554 52.773099 53.600373 8.246211 9.055385 49.244289 60.074953 49.162994 60.406953 101.671038 63.245553 81.215762 53.150729 11.401754 75.026662 54.129474 89.022469 18.384776 97.836598 5.830952 27.294688 50.009999 0.000000 104.043260 58.008620 56.000000 82.377181 78.230429 45.880279 1.414214 80.894994 80.024996 5.000000 46.389654 58.249464 57.035077 
51 66.640828 8.602325 83.024093 102.941731 103.227903 77.388630 93.048375 38.013156 105.190304 82.764727 56.080300 81.344945 96.317184 81.884064 88.073833 82.365041 106.075445 86.977008 4.242641 86.092973 28.017851 84.005952 75.953933 72.449983 87.920419 90.088845 91.005494 29.017236 76.485293 80.112421 101.355809 97.452553 80.062476 88.000000 81.743501 92.000000 28.319605 49.648766 73.763134 81.301906 104.139330 88.283634 74.330344 87.920419 102.532922 25.238859 106.531685 80.498447 78.714675 104.043260 0.000000 86.023253 85.094066 73.082146 92.763139 83.725743 104.292857 75.690158 89.269256 104.307238 76.661594 73.061618 83.054199 
52 81.320354 81.498466 3.000000 64.381674 58.034473 76.843998 8.602325 60.008333 49.365980 34.785054 30.016662 32.572995 24.351591 84.314886 21.000000 40.496913 72.691127 31.256999 83.006024 2.000000 65.520989 2.236068 14.866069 32.449961 31.144823 4.472136 5.830952 90.476516 85.428333 88.600226 50.009999 59.841457 84.628600 2.828427 10.295630 6.324555 68.308125 37.483330 26.627054 7.071068 67.475922 17.029386 13.000000 31.144823 72.367120 66.940272 55.145263 36.769553 84.403791 58.008620 86.023253 0.000000 2.236068 28.017851 20.615528 84.059503 57.000000 25.553865 22.022716 54.037024 79.404030 13.038405 3.162278 
53 79.195959 80.752709 2.828427 62.289646 56.008928 74.632433 10.630146 59.933296 47.518417 32.572995 29.017236 34.205263 26.570661 82.097503 23.021729 38.275318 70.576200 33.136083 82.006097 1.000000 65.145990 3.162278 12.806248 33.615473 33.060551 5.000000 7.810250 90.249654 83.240615 86.400231 48.041649 57.706152 82.419658 5.000000 8.062258 8.062258 68.007353 36.221541 27.784888 5.000000 65.375837 19.104973 11.401754 33.060551 70.213959 66.483081 53.235327 34.539832 82.200973 56.000000 85.094066 2.236068 0.000000 29.154759 22.803509 81.835200 55.009090 26.832816 24.083189 52.086467 77.201036 12.041595 2.236068 
54 90.785461 66.490601 26.419690 87.464278 82.200973 90.443352 29.206164 39.012818 75.286121 56.222771 27.784888 10.000000 24.000000 98.030607 16.124515 61.032778 95.189285 14.422205 71.168813 29.681644 47.265209 26.076810 33.376639 4.472136 15.264338 32.015621 29.000000 69.462220 97.308787 101.019800 74.953319 82.219219 97.739450 27.658633 33.837849 30.413813 49.040799 35.805028 1.414214 30.083218 90.354856 18.027756 28.284271 15.264338 94.021274 49.497475 80.523289 57.035077 97.144223 82.377181 73.082146 28.017851 29.154759 0.000000 21.213203 98.371744 81.584312 3.162278 17.029386 79.075913 92.357999 24.186773 27.294688 
55 99.639350 86.700634 21.540659 84.852814 78.313473 96.384646 15.132746 60.133186 69.007246 55.362442 40.816663 18.601075 4.242641 103.942292 5.099020 61.032778 93.214806 14.212670 90.470990 22.561028 68.029405 20.248457 34.000000 24.041631 13.601471 22.022716 17.000000 90.669730 104.560987 107.912001 70.114193 80.411442 104.100913 18.248288 30.675723 18.027756 70.007142 49.396356 20.099751 26.925824 87.965902 5.000000 30.232433 13.601471 92.962358 70.114193 75.006666 57.245087 103.773792 78.230429 92.763139 20.615528 22.803509 21.213203 0.000000 103.831594 77.162167 18.110770 4.472136 74.060786 98.792712 27.658633 22.472205 
56 17.691806 87.726849 82.492424 38.639358 44.922155 8.062258 92.086915 95.524866 55.542776 50.990195 71.589105 107.837841 107.912001 2.236068 102.415819 45.276926 35.014283 109.931797 79.649231 82.377181 90.801982 83.862983 69.835521 101.651365 110.308658 84.628600 89.308454 109.562767 8.944272 8.000000 50.566788 37.000000 4.472136 86.821656 73.783467 89.050547 94.148818 65.490457 97.718985 77.175126 37.215588 99.297533 73.790243 110.308658 31.000000 89.269256 51.546096 48.270074 5.830952 45.880279 83.725743 84.059503 81.835200 98.371744 103.831594 0.000000 47.127487 98.351411 103.754518 49.979996 7.280110 76.967526 81.633327 
57 57.008771 104.484449 57.078893 9.899495 2.236068 44.407207 62.393910 97.908120 10.000000 26.400758 63.529521 88.566359 80.399005 48.764741 78.000000 23.600847 18.027756 88.090862 100.124922 55.000000 97.948966 58.034473 48.270074 85.906926 88.051122 55.145263 60.207973 122.347865 53.935146 54.817880 7.071068 10.198039 50.447993 59.033889 48.259714 59.304300 101.533246 63.007936 80.411442 52.239832 12.806248 74.006756 53.366656 88.051122 19.798990 97.744565 4.472136 26.925824 51.195703 1.414214 104.292857 57.000000 55.009090 81.584312 77.162167 47.127487 0.000000 80.062476 79.006329 3.605551 47.518417 57.489129 56.080300 
58 91.301698 69.231496 24.166092 86.209048 80.752709 90.476516 26.248809 42.047592 73.498299 55.036352 28.600699 9.486833 21.023796 98.081599 13.038405 60.008333 94.047860 12.727922 73.681748 27.294688 50.159745 23.706539 32.062439 7.071068 13.453624 29.410882 26.172505 72.560320 97.575612 101.237345 73.348483 81.055537 97.862148 25.000000 32.015621 27.586228 52.009614 36.878178 2.000000 28.160256 89.140339 14.866069 27.018512 13.453624 93.005376 52.345009 78.854296 56.008928 97.308787 80.894994 75.690158 25.553865 26.832816 3.162278 18.110770 98.351411 80.062476 0.000000 14.000000 77.466122 92.477024 23.000000 25.079872 
59 98.812955 83.024093 22.360680 86.371292 80.056230 96.176920 18.027756 56.035703 71.175839 56.293872 38.600518 14.212670 7.071068 103.768974 1.414214 61.846584 94.641429 10.295630 87.091905 24.020824 64.124878 21.213203 34.176015 19.646883 9.848858 24.186773 19.416488 86.469648 104.100913 107.540690 72.000000 81.743501 103.831594 20.024984 31.575307 20.615528 66.007575 47.201695 16.000000 27.658633 89.453899 5.000000 29.966648 9.848858 94.201911 66.272166 77.058419 57.974132 103.445638 80.024996 89.269256 22.022716 24.083189 17.029386 4.472136 103.754518 79.006329 14.000000 0.000000 76.006579 98.488578 26.925824 23.345235 
60 59.135438 104.201727 54.230987 13.453624 5.656854 46.872167 59.211485 96.607453 6.403124 24.698178 61.911227 85.842880 77.233412 51.546096 75.026662 22.627417 21.633308 85.211502 100.169856 52.038447 97.000000 55.145263 45.880279 83.432608 85.146932 52.038447 57.078893 121.630588 56.515485 57.567352 4.123106 13.000000 53.160135 56.000000 45.541190 56.142675 100.568385 61.846584 77.878110 49.497475 16.401219 71.007042 50.960769 85.146932 23.345235 96.896852 2.236068 25.612497 53.851648 5.000000 104.307238 54.037024 52.086467 79.075913 74.060786 49.979996 3.605551 77.466122 76.006579 0.000000 50.009999 55.081757 53.235327 
61 11.661904 80.529498 77.665951 40.000000 45.398238 3.162278 87.618491 88.362888 55.081757 47.507894 65.253352 101.950969 102.927159 6.000000 97.128780 42.011903 37.854986 104.278473 72.560320 77.801028 83.546394 79.056942 64.899923 95.509162 104.694795 80.280757 84.811556 102.318131 6.708204 9.219544 50.000000 37.336309 5.385165 82.200973 69.202601 84.646323 86.884981 58.855756 91.760558 72.422372 39.115214 94.154129 68.600292 104.694795 33.734256 82.000000 51.788030 44.598206 5.000000 46.389654 76.661594 79.404030 77.201036 92.357999 98.792712 7.280110 47.518417 92.477024 98.488578 50.009999 0.000000 71.589105 76.843998 
62 72.006944 68.731361 10.049876 63.285069 58.051701 69.318107 20.880613 48.877398 51.623638 32.062439 17.000000 32.140317 31.890437 76.922038 25.553865 37.013511 71.063352 33.241540 70.000000 13.038405 53.488316 11.180340 9.219544 28.442925 33.526109 17.029386 18.439089 78.790862 77.175126 80.622577 50.960769 58.077534 76.941536 15.297059 11.313708 19.235384 56.462377 24.515301 23.086793 8.944272 66.189123 22.803509 4.123106 33.526109 70.007142 54.708317 56.612719 33.015148 76.537572 58.249464 73.061618 13.038405 12.041595 24.186773 27.658633 76.967526 57.489129 23.000000 26.925824 55.081757 71.589105 0.000000 10.000000 
